	Data Name	Data Comment	Group Traits	Instrument Name	Variation	Serial No.	Firmware Version	Timestamp	Calibrated Date	Measurement Type	Geometry	Specular Component	Measurement Area	UV Setting	Observer	Illuminant 1	Illuminant 2	L*(D65)	a*(D65)	b*(D65)	C*(D65)	h(D65)	360nm	370nm	380nm	390nm	400nm	410nm	420nm	430nm	440nm	450nm	460nm	470nm	480nm	490nm	500nm	510nm	520nm	530nm	540nm	550nm	560nm	570nm	580nm	590nm	600nm	610nm	620nm	630nm	640nm	650nm	660nm	670nm	680nm	690nm	700nm	710nm	720nm	730nm	740nm
     1 	b.023_CAL01-C01_wbg		SCI	CM-2600d	------	1004031	1.23	31/01/2022 11:15:06	31/01/2022 10:54:13	Reflectance	di:8,de:8	SCI+SCE	SAV(3mm)	400nm cut	------	(None)	(None)	93,58	-0,94	-2,97	3,11	252,52	0,00	0,00	0,00	0,00	35,31	55,09	78,79	90,17	92,67	91,20	90,41	90,07	88,95	88,16	87,28	86,40	85,51	84,81	84,38	83,84	83,00	82,53	82,03	81,79	81,77	81,88	82,23	83,14	83,83	84,84	85,97	87,17	88,53	90,16	91,30	92,23	93,15	93,92	94,40
     1 	b.023_CAL01-C01_wbg		SCE	CM-2600d	------	1004031	1.23	31/01/2022 11:15:06	31/01/2022 10:54:13	Reflectance	di:8,de:8	SCI+SCE	SAV(3mm)	400nm cut	------	(None)	(None)	92,54	-0,91	-2,83	2,97	252,08	0,00	0,00	0,00	0,00	32,42	52,22	75,98	87,42	89,97	88,56	87,81	87,52	86,42	85,65	84,81	83,94	83,07	82,39	81,98	81,45	80,63	80,19	79,72	79,50	79,50	79,65	80,03	80,97	81,69	82,73	83,88	85,09	86,47	88,11	89,24	90,18	91,09	91,87	92,33
     2 	b.024_CAL01-C02_wbg		SCI	CM-2600d	------	1004031	1.23	31/01/2022 11:15:16	31/01/2022 10:54:13	Reflectance	di:8,de:8	SCI+SCE	SAV(3mm)	400nm cut	------	(None)	(None)	91,61	-5,27	-5,60	7,69	226,75	0,00	0,00	0,00	0,00	35,19	54,02	77,44	88,67	91,29	90,37	89,54	89,24	88,33	87,27	86,28	85,35	84,20	83,11	82,10	80,84	79,19	77,70	75,85	74,02	72,37	71,02	70,22	70,02	69,77	70,06	71,06	72,79	75,55	78,82	81,92	84,66	87,09	89,03	90,77
     2 	b.024_CAL01-C02_wbg		SCE	CM-2600d	------	1004031	1.23	31/01/2022 11:15:16	31/01/2022 10:54:13	Reflectance	di:8,de:8	SCI+SCE	SAV(3mm)	400nm cut	------	(None)	(None)	90,62	-5,38	-5,55	7,73	225,87	0,00	0,00	0,00	0,00	32,58	51,44	74,91	86,19	88,85	87,98	87,18	86,93	86,05	85,01	84,04	83,13	81,99	80,91	79,92	78,67	77,02	75,54	73,69	71,88	70,23	68,89	68,11	67,92	67,68	68,01	69,03	70,78	73,55	76,85	79,97	82,71	85,15	87,10	88,84
     3 	b.025_CAL01-C03_wbg		SCI	CM-2600d	------	1004031	1.23	31/01/2022 11:15:27	31/01/2022 10:54:13	Reflectance	di:8,de:8	SCI+SCE	SAV(3mm)	400nm cut	------	(None)	(None)	88,39	-11,21	-9,61	14,77	220,60	0,00	0,00	0,00	0,00	34,21	52,43	74,67	85,95	89,06	88,24	87,65	87,56	86,60	85,49	84,38	83,04	81,40	79,74	77,96	75,37	72,33	69,42	65,97	62,28	58,86	56,27	54,56	53,63	52,71	52,49	53,27	55,42	59,05	63,69	68,71	73,32	77,58	81,18	84,53
     3 	b.025_CAL01-C03_wbg		SCE	CM-2600d	------	1004031	1.23	31/01/2022 11:15:27	31/01/2022 10:54:13	Reflectance	di:8,de:8	SCI+SCE	SAV(3mm)	400nm cut	------	(None)	(None)	87,28	-11,52	-9,67	15,04	220,02	0,00	0,00	0,00	0,00	31,51	49,76	72,04	83,38	86,54	85,77	85,23	85,18	84,24	83,15	82,07	80,74	79,11	77,46	75,68	73,09	70,05	67,13	63,68	59,99	56,56	53,98	52,27	51,35	50,45	50,25	51,05	53,23	56,89	61,57	66,62	71,27	75,55	79,19	82,56
     4 	b.026_CAL01-C04_wbg		SCI	CM-2600d	------	1004031	1.23	31/01/2022 11:15:37	31/01/2022 10:54:13	Reflectance	di:8,de:8	SCI+SCE	SAV(3mm)	400nm cut	------	(None)	(None)	84,78	-16,91	-13,85	21,86	219,31	0,00	0,00	0,00	0,00	33,03	50,17	71,40	82,52	85,97	85,66	85,42	85,45	84,42	83,16	81,80	80,25	77,97	75,45	72,67	68,84	64,46	60,15	55,46	50,60	46,11	42,83	40,82	39,64	38,46	38,13	38,72	40,95	44,93	50,14	56,11	61,77	67,37	72,38	77,23
     4 	b.026_CAL01-C04_wbg		SCE	CM-2600d	------	1004031	1.23	31/01/2022 11:15:37	31/01/2022 10:54:13	Reflectance	di:8,de:8	SCI+SCE	SAV(3mm)	400nm cut	------	(None)	(None)	83,60	-17,45	-14,05	22,40	218,86	0,00	0,00	0,00	0,00	30,40	47,57	68,85	80,03	83,53	83,28	83,07	83,15	82,14	80,90	79,56	78,01	75,74	73,22	70,42	66,58	62,19	57,86	53,17	48,29	43,78	40,50	38,49	37,31	36,15	35,84	36,47	38,73	42,74	47,99	54,00	59,69	65,33	70,37	75,24
     5 	b.027_CAL01-C05_wbg		SCI	CM-2600d	------	1004031	1.23	31/01/2022 11:15:47	31/01/2022 10:54:13	Reflectance	di:8,de:8	SCI+SCE	SAV(3mm)	400nm cut	------	(None)	(None)	81,08	-21,66	-17,82	28,05	219,44	0,00	0,00	0,00	0,00	31,66	47,47	67,60	78,59	82,52	82,65	82,69	82,74	81,77	80,44	78,76	76,68	73,90	70,66	66,68	61,85	56,51	51,26	45,87	40,48	35,50	32,05	30,03	28,89	27,76	27,32	27,98	30,10	33,99	39,12	45,37	51,52	57,79	63,65	69,70
     5 	b.027_CAL01-C05_wbg		SCE	CM-2600d	------	1004031	1.23	31/01/2022 11:15:47	31/01/2022 10:54:13	Reflectance	di:8,de:8	SCI+SCE	SAV(3mm)	400nm cut	------	(None)	(None)	79,71	-22,47	-18,19	28,91	219,00	0,00	0,00	0,00	0,00	28,91	44,76	64,93	75,97	79,94	80,12	80,20	80,30	79,35	78,03	76,37	74,30	71,50	68,27	64,28	59,42	54,06	48,80	43,39	37,98	32,98	29,53	27,51	26,37	25,27	24,86	25,55	27,69	31,62	36,79	43,09	49,28	55,59	61,48	67,54
     6 	b.028_CAL01-C06_wbg		SCI	CM-2600d	------	1004031	1.23	31/01/2022 11:15:58	31/01/2022 10:54:13	Reflectance	di:8,de:8	SCI+SCE	SAV(3mm)	400nm cut	------	(None)	(None)	77,64	-25,34	-21,23	33,06	219,95	0,00	0,00	0,00	0,00	30,21	44,64	63,86	74,72	78,94	79,63	79,80	79,94	78,96	77,59	75,62	73,01	69,69	65,70	61,15	55,44	49,36	43,69	37,93	32,30	27,38	24,07	22,15	21,21	20,25	19,94	20,38	22,28	25,83	30,81	36,87	43,15	49,75	56,00	62,80
     6 	b.028_CAL01-C06_wbg		SCE	CM-2600d	------	1004031	1.23	31/01/2022 11:15:58	31/01/2022 10:54:13	Reflectance	di:8,de:8	SCI+SCE	SAV(3mm)	400nm cut	------	(None)	(None)	76,08	-26,45	-21,80	34,28	219,49	0,00	0,00	0,00	0,00	27,39	41,85	61,11	72,01	76,27	77,00	77,22	77,38	76,43	75,07	73,11	70,51	67,17	63,17	58,60	52,87	46,76	41,08	35,30	29,65	24,71	21,39	19,47	18,53	17,59	17,31	17,78	19,71	23,30	28,33	34,43	40,75	47,39	53,68	60,51
     7 	b.029_CAL01-C07_wbg		SCI	CM-2600d	------	1004031	1.23	31/01/2022 11:16:17	31/01/2022 10:54:13	Reflectance	di:8,de:8	SCI+SCE	SAV(3mm)	400nm cut	------	(None)	(None)	73,79	-28,72	-24,67	37,86	220,66	0,00	0,00	0,00	0,00	28,11	41,52	59,17	69,92	74,62	75,80	76,35	76,46	75,55	73,85	71,63	68,61	64,70	60,24	54,71	48,39	41,91	36,09	30,19	24,65	19,87	16,91	15,43	14,64	14,16	13,68	14,33	15,86	18,90	23,32	28,99	35,00	41,65	48,07	55,43
     7 	b.029_CAL01-C07_wbg		SCE	CM-2600d	------	1004031	1.23	31/01/2022 11:16:17	31/01/2022 10:54:13	Reflectance	di:8,de:8	SCI+SCE	SAV(3mm)	400nm cut	------	(None)	(None)	71,89	-30,30	-25,51	39,61	220,10	0,00	0,00	0,00	0,00	25,02	38,46	56,14	66,93	71,67	72,89	73,47	73,63	72,74	71,05	68,84	65,81	61,88	57,40	51,86	45,51	39,00	33,16	27,24	21,69	16,89	13,93	12,46	11,67	11,21	10,75	11,44	13,01	16,09	20,55	26,27	32,32	39,01	45,47	52,85
     8 	b.030_CAL01-C08_wbg		SCI	CM-2600d	------	1004031	1.23	31/01/2022 11:16:27	31/01/2022 10:54:13	Reflectance	di:8,de:8	SCI+SCE	SAV(3mm)	400nm cut	------	(None)	(None)	68,48	-31,70	-28,70	42,76	222,16	0,00	0,00	0,00	0,00	25,26	36,73	52,42	62,75	68,10	69,90	70,73	71,17	70,03	68,18	65,45	61,92	57,36	52,13	46,00	39,28	32,64	26,88	21,30	16,30	12,39	10,15	9,24	9,02	8,61	8,60	8,93	10,10	12,29	15,75	20,37	25,68	31,87	38,27	45,86
     8 	b.030_CAL01-C08_wbg		SCE	CM-2600d	------	1004031	1.23	31/01/2022 11:16:27	31/01/2022 10:54:13	Reflectance	di:8,de:8	SCI+SCE	SAV(3mm)	400nm cut	------	(None)	(None)	66,06	-34,08	-29,99	45,40	221,35	0,00	0,00	0,00	0,00	21,81	33,31	49,05	59,44	64,83	66,67	67,54	68,01	66,90	65,07	62,34	58,80	54,21	48,95	42,79	36,05	29,38	23,60	18,00	12,99	9,07	6,84	5,94	5,73	5,35	5,35	5,72	6,92	9,16	12,66	17,32	22,68	28,90	35,34	42,94
     9 	b.031_CAL01-C09_wbg		SCI	CM-2600d	------	1004031	1.23	31/01/2022 11:16:37	31/01/2022 10:54:13	Reflectance	di:8,de:8	SCI+SCE	SAV(3mm)	400nm cut	------	(None)	(None)	65,31	-32,36	-30,68	44,59	223,47	0,00	0,00	0,00	0,00	23,26	33,64	48,13	58,34	63,83	66,03	67,19	67,53	66,48	64,41	61,40	57,49	52,70	47,20	40,92	34,18	27,71	22,10	17,03	12,57	9,32	7,66	7,07	6,97	6,81	6,80	7,09	7,90	9,66	12,33	16,29	21,04	26,74	32,90	40,49
     9 	b.031_CAL01-C09_wbg		SCE	CM-2600d	------	1004031	1.23	31/01/2022 11:16:37	31/01/2022 10:54:13	Reflectance	di:8,de:8	SCI+SCE	SAV(3mm)	400nm cut	------	(None)	(None)	62,54	-35,26	-32,29	47,81	222,48	0,00	0,00	0,00	0,00	19,68	30,09	44,62	54,86	60,39	62,63	63,82	64,20	63,16	61,11	58,10	54,18	49,36	43,84	37,53	30,77	24,28	18,65	13,56	9,09	5,84	4,19	3,61	3,52	3,39	3,40	3,72	4,57	6,37	9,08	13,09	17,87	23,61	29,81	37,43
    10 	b.032_CAL01-C10_wbg		SCI	CM-2600d	------	1004031	1.23	31/01/2022 11:16:48	31/01/2022 10:54:13	Reflectance	di:8,de:8	SCI+SCE	SAV(3mm)	400nm cut	------	(None)	(None)	63,70	-32,02	-31,66	45,03	224,68	0,00	0,00	0,00	0,00	22,44	32,22	46,20	56,12	61,92	64,19	65,31	65,61	64,53	62,33	59,11	55,00	50,07	44,61	38,30	31,61	25,46	20,15	15,24	11,10	8,23	6,82	6,38	6,31	6,18	6,21	6,44	7,19	8,54	11,06	14,60	19,01	24,46	30,41	37,89
    10 	b.032_CAL01-C10_wbg		SCE	CM-2600d	------	1004031	1.23	31/01/2022 11:16:48	31/01/2022 10:54:13	Reflectance	di:8,de:8	SCI+SCE	SAV(3mm)	400nm cut	------	(None)	(None)	60,75	-35,13	-33,43	48,50	223,58	0,00	0,00	0,00	0,00	18,77	28,58	42,60	52,57	58,41	60,71	61,87	62,21	61,15	58,96	55,75	51,62	46,65	41,18	34,85	28,15	21,97	16,64	11,72	7,58	4,70	3,30	2,87	2,81	2,69	2,75	3,01	3,78	5,18	7,73	11,31	15,76	21,25	27,23	34,73
    11 	b.033_CAL01-C11_wbg		SCI	CM-2600d	------	1004031	1.23	31/01/2022 11:17:02	31/01/2022 10:54:13	Reflectance	di:8,de:8	SCI+SCE	SAV(3mm)	400nm cut	------	(None)	(None)	63,14	-31,66	-32,17	45,14	225,46	0,00	0,00	0,00	0,00	22,38	32,05	45,73	55,64	61,24	63,80	64,94	65,17	63,94	61,68	58,26	54,11	49,11	43,53	37,38	30,73	24,66	19,51	14,69	10,67	7,90	6,59	6,18	6,13	6,02	6,05	6,25	6,99	8,29	10,57	14,01	18,33	23,72	29,65	37,10
    11 	b.033_CAL01-C11_wbg		SCE	CM-2600d	------	1004031	1.23	31/01/2022 11:17:02	31/01/2022 10:54:13	Reflectance	di:8,de:8	SCI+SCE	SAV(3mm)	400nm cut	------	(None)	(None)	60,03	-34,93	-34,08	48,80	224,29	0,00	0,00	0,00	0,00	18,58	28,27	42,00	51,96	57,61	60,21	61,38	61,65	60,44	58,18	54,77	50,60	45,58	39,98	33,80	27,13	21,04	15,88	11,05	7,02	4,24	2,95	2,54	2,50	2,41	2,46	2,69	3,46	4,80	7,12	10,60	14,95	20,38	26,34	33,82
    12 	r.023_CAL01-M01_wbg		SCI	CM-2600d	------	1004031	1.23	31/01/2022 11:17:33	31/01/2022 10:54:13	Reflectance	di:8,de:8	SCI+SCE	SAV(3mm)	400nm cut	------	(None)	(None)	92,90	1,37	-3,81	4,05	289,81	0,00	0,00	0,00	0,00	35,43	55,27	79,12	90,07	92,37	90,91	89,92	89,28	88,01	86,60	85,37	84,05	82,70	81,78	81,18	80,53	80,21	80,46	80,96	81,66	82,34	83,19	83,89	85,13	86,20	87,27	88,65	89,67	90,88	92,08	92,79	93,49	94,07	94,58	94,79
    12 	r.023_CAL01-M01_wbg		SCE	CM-2600d	------	1004031	1.23	31/01/2022 11:17:33	31/01/2022 10:54:13	Reflectance	di:8,de:8	SCI+SCE	SAV(3mm)	400nm cut	------	(None)	(None)	91,72	1,44	-3,74	4,01	291,08	0,00	0,00	0,00	0,00	32,39	52,24	76,14	87,15	89,48	88,06	87,10	86,50	85,25	83,85	82,65	81,34	79,97	79,08	78,49	77,85	77,55	77,82	78,35	79,07	79,77	80,65	81,38	82,64	83,75	84,84	86,24	87,29	88,50	89,72	90,43	91,14	91,71	92,23	92,42
    13 	r.024_CAL01-M02_wbg		SCI	CM-2600d	------	1004031	1.23	31/01/2022 11:17:44	31/01/2022 10:54:13	Reflectance	di:8,de:8	SCI+SCE	SAV(3mm)	400nm cut	------	(None)	(None)	89,26	7,34	-8,33	11,10	311,39	0,00	0,00	0,00	0,00	35,56	55,04	78,25	89,01	91,14	89,20	87,63	85,92	83,44	80,59	77,65	74,73	72,17	70,31	69,11	68,24	68,58	70,48	73,38	76,47	79,13	81,20	82,70	84,43	85,84	87,01	88,46	89,51	90,89	92,05	92,92	93,47	94,04	94,64	94,83
    13 	r.024_CAL01-M02_wbg		SCE	CM-2600d	------	1004031	1.23	31/01/2022 11:17:44	31/01/2022 10:54:13	Reflectance	di:8,de:8	SCI+SCE	SAV(3mm)	400nm cut	------	(None)	(None)	87,99	7,60	-8,36	11,30	312,27	0,00	0,00	0,00	0,00	32,46	51,96	75,22	86,04	88,22	86,33	84,79	83,12	80,66	77,81	74,90	71,98	69,42	67,57	66,38	65,53	65,89	67,83	70,76	73,89	76,59	78,72	80,26	82,02	83,46	84,67	86,16	87,22	88,62	89,78	90,66	91,21	91,79	92,39	92,56
    14 	r.025_CAL01-M03_wbg		SCI	CM-2600d	------	1004031	1.23	31/01/2022 11:17:55	31/01/2022 10:54:13	Reflectance	di:8,de:8	SCI+SCE	SAV(3mm)	400nm cut	------	(None)	(None)	83,74	15,89	-14,48	21,50	317,67	0,00	0,00	0,00	0,00	35,10	53,99	76,44	86,78	88,20	85,77	82,85	79,83	75,46	70,90	66,17	61,28	57,80	55,35	53,77	52,81	53,64	57,03	62,23	67,98	73,13	77,23	80,19	82,74	84,70	86,20	87,86	89,18	90,62	91,75	92,67	93,31	93,96	94,46	94,73
    14 	r.025_CAL01-M03_wbg		SCE	CM-2600d	------	1004031	1.23	31/01/2022 11:17:55	31/01/2022 10:54:13	Reflectance	di:8,de:8	SCI+SCE	SAV(3mm)	400nm cut	------	(None)	(None)	82,30	16,48	-14,73	22,11	318,21	0,00	0,00	0,00	0,00	32,06	50,98	73,48	83,86	85,31	82,91	80,02	77,03	72,66	68,10	63,37	58,46	54,98	52,54	50,98	50,04	50,90	54,32	59,58	65,38	70,58	74,74	77,75	80,35	82,36	83,90	85,61	86,95	88,42	89,56	90,48	91,13	91,77	92,27	92,53
    15 	r.026_CAL01-M04_wbg		SCI	CM-2600d	------	1004031	1.23	31/01/2022 11:18:06	31/01/2022 10:54:13	Reflectance	di:8,de:8	SCI+SCE	SAV(3mm)	400nm cut	------	(None)	(None)	77,72	24,95	-20,50	32,29	320,60	0,00	0,00	0,00	0,00	34,56	52,73	74,07	83,57	84,30	80,95	76,85	72,21	66,24	60,16	54,04	48,26	44,35	41,72	39,99	39,10	40,17	44,31	50,94	58,73	66,19	72,18	76,83	80,44	83,09	85,30	87,17	88,59	90,16	91,42	92,38	93,17	93,76	94,31	94,59
    15 	r.026_CAL01-M04_wbg		SCE	CM-2600d	------	1004031	1.23	31/01/2022 11:18:06	31/01/2022 10:54:13	Reflectance	di:8,de:8	SCI+SCE	SAV(3mm)	400nm cut	------	(None)	(None)	76,09	25,94	-21,00	33,38	321,01	0,00	0,00	0,00	0,00	31,54	49,75	71,13	80,67	81,43	78,12	74,05	69,44	63,46	57,37	51,25	45,46	41,53	38,91	37,18	36,31	37,41	41,59	48,27	56,11	63,64	69,71	74,42	78,09	80,78	83,04	84,96	86,41	88,00	89,29	90,24	91,02	91,61	92,17	92,43
    16 	r.027_CAL01-M05_wbg		SCI	CM-2600d	------	1004031	1.23	31/01/2022 11:18:17	31/01/2022 10:54:13	Reflectance	di:8,de:8	SCI+SCE	SAV(3mm)	400nm cut	------	(None)	(None)	71,90	33,12	-25,40	41,74	322,51	0,00	0,00	0,00	0,00	33,84	50,87	70,71	79,43	79,40	75,06	69,93	64,23	57,07	50,06	43,44	37,30	33,47	30,86	29,26	28,55	29,74	33,87	41,01	49,91	58,92	66,71	72,84	77,62	81,11	83,80	86,06	87,82	89,55	90,99	92,01	92,90	93,50	94,15	94,48
    16 	r.027_CAL01-M05_wbg		SCE	CM-2600d	------	1004031	1.23	31/01/2022 11:18:17	31/01/2022 10:54:13	Reflectance	di:8,de:8	SCI+SCE	SAV(3mm)	400nm cut	------	(None)	(None)	69,94	34,67	-26,24	43,48	322,88	0,00	0,00	0,00	0,00	30,75	47,81	67,70	76,45	76,44	72,13	67,02	61,33	54,17	47,15	40,52	34,36	30,51	27,90	26,31	25,61	26,84	31,01	38,21	47,16	56,25	64,10	70,30	75,14	78,70	81,43	83,74	85,55	87,30	88,76	89,79	90,68	91,29	91,94	92,25
    17 	r.028_CAL01-M06_wbg		SCI	CM-2600d	------	1004031	1.23	31/01/2022 11:18:27	31/01/2022 10:54:13	Reflectance	di:8,de:8	SCI+SCE	SAV(3mm)	400nm cut	------	(None)	(None)	67,06	39,59	-29,03	49,09	323,75	0,00	0,00	0,00	0,00	33,10	48,97	67,59	75,40	74,84	69,91	63,86	57,29	49,55	42,19	35,49	29,33	25,68	23,46	22,01	21,43	22,61	26,51	33,60	42,89	52,63	61,68	69,05	74,93	79,02	82,45	84,96	86,92	88,84	90,47	91,58	92,47	93,25	93,87	94,19
    17 	r.028_CAL01-M06_wbg		SCE	CM-2600d	------	1004031	1.23	31/01/2022 11:18:27	31/01/2022 10:54:13	Reflectance	di:8,de:8	SCI+SCE	SAV(3mm)	400nm cut	------	(None)	(None)	64,76	41,76	-30,20	51,53	324,12	0,00	0,00	0,00	0,00	29,93	45,81	64,46	72,31	71,77	66,86	60,83	54,28	46,53	39,16	32,46	26,28	22,62	20,39	18,94	18,37	19,58	23,52	30,67	40,02	49,82	58,95	66,39	72,35	76,49	79,98	82,56	84,55	86,50	88,16	89,27	90,18	90,96	91,58	91,89
    18 	r.029_CAL01-M07_wbg		SCI	CM-2600d	------	1004031	1.23	31/01/2022 11:18:38	31/01/2022 10:54:13	Reflectance	di:8,de:8	SCI+SCE	SAV(3mm)	400nm cut	------	(None)	(None)	61,03	47,06	-32,94	57,44	325,01	0,00	0,00	0,00	0,00	31,44	46,15	63,11	69,80	68,63	63,00	56,09	48,77	40,62	33,07	26,61	21,03	17,85	15,96	14,87	14,51	15,42	18,83	25,30	34,51	44,93	54,97	63,72	70,77	76,08	80,10	83,03	85,48	87,67	89,39	90,72	91,75	92,60	93,26	93,72
    18 	r.029_CAL01-M07_wbg		SCE	CM-2600d	------	1004031	1.23	31/01/2022 11:18:38	31/01/2022 10:54:13	Reflectance	di:8,de:8	SCI+SCE	SAV(3mm)	400nm cut	------	(None)	(None)	57,98	50,51	-34,80	61,34	325,44	0,00	0,00	0,00	0,00	27,83	42,58	59,58	66,31	65,18	59,59	52,68	45,38	37,23	29,68	23,20	17,61	14,41	12,51	11,41	11,07	12,00	15,45	21,98	31,24	41,74	51,87	60,69	67,80	73,19	77,27	80,27	82,77	84,99	86,75	88,08	89,12	89,98	90,65	91,11
    19 	r.030_CAL01-M08_wbg		SCI	CM-2600d	------	1004031	1.23	31/01/2022 11:18:49	31/01/2022 10:54:13	Reflectance	di:8,de:8	SCI+SCE	SAV(3mm)	400nm cut	------	(None)	(None)	53,80	54,52	-36,55	65,64	326,16	0,00	0,00	0,00	0,00	29,45	42,35	57,06	62,42	60,26	53,98	46,42	38,65	30,52	23,35	17,60	12,97	10,71	9,57	8,89	8,78	9,33	11,66	16,98	25,23	35,59	46,16	56,05	64,26	70,40	75,29	78,76	81,71	84,52	86,81	88,55	89,89	91,02	91,92	92,52
    19 	r.030_CAL01-M08_wbg		SCE	CM-2600d	------	1004031	1.23	31/01/2022 11:18:49	31/01/2022 10:54:13	Reflectance	di:8,de:8	SCI+SCE	SAV(3mm)	400nm cut	------	(None)	(None)	49,72	60,05	-39,47	71,87	326,68	0,00	0,00	0,00	0,00	25,60	38,53	53,27	58,67	56,53	50,29	42,74	34,99	26,87	19,70	13,94	9,30	7,03	5,88	5,20	5,10	5,66	8,02	13,39	21,68	32,11	42,75	52,71	61,00	67,21	72,18	75,73	78,72	81,58	83,90	85,66	87,02	88,17	89,08	89,67
    20 	r.031_CAL01-M09_wbg		SCI	CM-2600d	------	1004031	1.23	31/01/2022 11:19:00	31/01/2022 10:54:13	Reflectance	di:8,de:8	SCI+SCE	SAV(3mm)	400nm cut	------	(None)	(None)	50,08	56,48	-37,61	67,86	326,34	0,00	0,00	0,00	0,00	27,98	39,71	52,86	57,64	55,19	48,90	41,25	33,65	25,69	19,10	13,85	9,93	8,18	7,39	7,00	6,88	7,30	9,07	13,41	20,89	30,66	41,08	50,91	59,00	65,00	69,52	73,06	76,23	79,40	82,63	85,21	87,23	88,90	90,16	91,17
    20 	r.031_CAL01-M09_wbg		SCE	CM-2600d	------	1004031	1.23	31/01/2022 11:19:00	31/01/2022 10:54:13	Reflectance	di:8,de:8	SCI+SCE	SAV(3mm)	400nm cut	------	(None)	(None)	45,35	63,37	-41,26	75,62	326,93	0,00	0,00	0,00	0,00	24,07	35,82	49,01	53,83	51,41	45,15	37,50	29,92	21,96	15,37	10,13	6,18	4,42	3,62	3,22	3,11	3,54	5,33	9,72	17,24	27,07	37,56	47,47	55,63	61,70	66,28	69,89	73,12	76,34	79,61	82,22	84,27	85,97	87,25	88,27
    21 	r.032_CAL01-M10_wbg		SCI	CM-2600d	------	1004031	1.23	31/01/2022 11:19:12	31/01/2022 10:54:13	Reflectance	di:8,de:8	SCI+SCE	SAV(3mm)	400nm cut	------	(None)	(None)	48,24	56,45	-38,28	68,20	325,86	0,00	0,00	0,00	0,00	27,35	38,44	51,23	55,44	52,75	46,60	39,06	31,39	23,73	17,23	12,42	8,81	7,28	6,63	6,35	6,22	6,58	8,13	12,09	18,98	28,24	38,22	47,43	54,97	60,23	64,30	67,54	70,90	74,54	78,41	81,67	84,37	86,58	88,44	89,81
    21 	r.032_CAL01-M10_wbg		SCE	CM-2600d	------	1004031	1.23	31/01/2022 11:19:12	31/01/2022 10:54:13	Reflectance	di:8,de:8	SCI+SCE	SAV(3mm)	400nm cut	------	(None)	(None)	43,12	64,07	-42,39	76,82	326,51	0,00	0,00	0,00	0,00	23,44	34,54	47,36	51,59	48,93	42,80	35,26	27,62	19,95	13,46	8,64	5,02	3,48	2,82	2,54	2,41	2,76	4,33	8,34	15,27	24,57	34,61	43,89	51,51	56,83	60,97	64,28	67,69	71,38	75,29	78,59	81,32	83,56	85,44	86,82
    22 	r.033_CAL01-M11_wbg		SCI	CM-2600d	------	1004031	1.23	31/01/2022 11:19:25	31/01/2022 10:54:13	Reflectance	di:8,de:8	SCI+SCE	SAV(3mm)	400nm cut	------	(None)	(None)	47,86	56,71	-38,72	68,67	325,67	0,00	0,00	0,00	0,00	27,44	38,44	51,04	55,30	52,81	46,31	38,82	31,17	23,39	16,93	12,13	8,56	7,07	6,40	6,13	6,02	6,36	7,90	11,78	18,60	27,86	37,75	46,84	54,16	59,42	63,34	66,49	69,84	73,62	77,64	81,13	84,00	86,34	88,18	89,62
    22 	r.033_CAL01-M11_wbg		SCE	CM-2600d	------	1004031	1.23	31/01/2022 11:19:25	31/01/2022 10:54:13	Reflectance	di:8,de:8	SCI+SCE	SAV(3mm)	400nm cut	------	(None)	(None)	42,59	64,58	-43,03	77,60	326,32	0,00	0,00	0,00	0,00	23,51	34,52	47,14	51,43	48,95	42,48	35,00	27,37	19,59	13,14	8,33	4,74	3,23	2,56	2,27	2,15	2,51	4,06	7,97	14,83	24,13	34,07	43,23	50,62	55,94	59,92	63,14	66,53	70,37	74,44	77,95	80,85	83,21	85,07	86,52
    23 	y.023_CAL01-Y01_wbg		SCI	CM-2600d	------	1004031	1.23	31/01/2022 11:20:00	31/01/2022 10:54:13	Reflectance	di:8,de:8	SCI+SCE	SAV(3mm)	400nm cut	------	(None)	(None)	93,42	-0,72	0,41	0,83	150,34	0,00	0,00	0,00	0,00	35,45	53,77	75,11	84,84	86,57	85,16	84,71	85,31	85,36	85,43	85,26	85,16	84,65	84,29	84,04	83,58	83,02	82,80	82,59	82,61	83,01	83,36	84,14	85,13	86,11	87,28	88,51	89,59	90,87	92,07	92,82	93,45	94,04	94,54	94,82
    23 	y.023_CAL01-Y01_wbg		SCE	CM-2600d	------	1004031	1.23	31/01/2022 11:20:00	31/01/2022 10:54:13	Reflectance	di:8,de:8	SCI+SCE	SAV(3mm)	400nm cut	------	(None)	(None)	92,11	-0,71	0,62	0,94	138,59	0,00	0,00	0,00	0,00	31,97	50,32	71,71	81,49	83,27	81,91	81,49	82,14	82,23	82,31	82,17	82,10	81,59	81,26	81,03	80,58	80,04	79,84	79,66	79,70	80,11	80,50	81,31	82,33	83,35	84,54	85,81	86,91	88,20	89,42	90,17	90,81	91,40	91,90	92,18
    24 	y.024_CAL01-Y02_wbg		SCI	CM-2600d	------	1004031	1.23	31/01/2022 11:20:12	31/01/2022 10:54:13	Reflectance	di:8,de:8	SCI+SCE	SAV(3mm)	400nm cut	------	(None)	(None)	92,42	-2,02	9,50	9,71	102,03	0,00	0,00	0,00	0,00	33,23	47,84	63,91	69,86	70,57	69,27	69,60	71,95	74,56	77,40	79,67	81,32	82,20	82,69	82,96	82,90	82,51	82,37	82,40	82,47	82,77	83,37	83,96	85,14	86,04	87,35	88,46	89,59	90,78	91,96	92,78	93,42	94,00	94,59	94,82
    24 	y.024_CAL01-Y02_wbg		SCE	CM-2600d	------	1004031	1.23	31/01/2022 11:20:12	31/01/2022 10:54:13	Reflectance	di:8,de:8	SCI+SCE	SAV(3mm)	400nm cut	------	(None)	(None)	91,09	-2,02	10,03	10,23	101,37	0,00	0,00	0,00	0,00	29,74	44,39	60,49	66,49	67,23	65,98	66,35	68,75	71,39	74,27	76,57	78,25	79,15	79,66	79,97	79,93	79,57	79,46	79,51	79,62	79,95	80,58	81,20	82,42	83,35	84,70	85,83	86,98	88,19	89,38	90,19	90,84	91,42	92,00	92,22
    25 	y.025_CAL01-Y03_wbg		SCI	CM-2600d	------	1004031	1.23	31/01/2022 11:20:22	31/01/2022 10:54:13	Reflectance	di:8,de:8	SCI+SCE	SAV(3mm)	400nm cut	------	(None)	(None)	90,90	-2,74	21,10	21,28	97,40	0,00	0,00	0,00	0,00	29,79	39,97	50,28	53,18	52,84	51,86	52,80	56,45	61,31	66,60	71,17	75,40	78,03	79,68	80,88	81,34	81,35	81,54	81,75	81,88	82,50	82,91	83,63	84,80	85,61	87,01	88,10	89,19	90,60	91,71	92,51	93,24	93,80	94,29	94,66
    25 	y.025_CAL01-Y03_wbg		SCE	CM-2600d	------	1004031	1.23	31/01/2022 11:20:22	31/01/2022 10:54:13	Reflectance	di:8,de:8	SCI+SCE	SAV(3mm)	400nm cut	------	(None)	(None)	89,55	-2,75	22,11	22,28	97,09	0,00	0,00	0,00	0,00	26,34	36,54	46,88	49,82	49,52	48,57	49,55	53,25	58,15	63,48	68,09	72,35	75,01	76,68	77,92	78,41	78,45	78,67	78,91	79,07	79,71	80,16	80,91	82,11	82,95	84,39	85,50	86,61	88,04	89,16	89,97	90,71	91,27	91,77	92,13
    26 	y.026_CAL01-Y04_wbg		SCI	CM-2600d	------	1004031	1.23	31/01/2022 11:20:33	31/01/2022 10:54:13	Reflectance	di:8,de:8	SCI+SCE	SAV(3mm)	400nm cut	------	(None)	(None)	89,29	-2,43	31,95	32,05	94,36	0,00	0,00	0,00	0,00	25,90	32,89	39,06	39,81	39,01	38,30	39,60	43,67	49,61	56,17	62,56	68,87	73,15	76,24	78,16	79,33	79,81	80,27	80,78	81,22	81,73	82,40	83,22	84,39	85,40	86,63	87,77	88,99	90,25	91,41	92,25	92,88	93,53	94,11	94,37
    26 	y.026_CAL01-Y04_wbg		SCE	CM-2600d	------	1004031	1.23	31/01/2022 11:20:33	31/01/2022 10:54:13	Reflectance	di:8,de:8	SCI+SCE	SAV(3mm)	400nm cut	------	(None)	(None)	87,88	-2,43	33,61	33,69	94,14	0,00	0,00	0,00	0,00	22,41	29,41	35,61	36,39	35,63	34,95	36,28	40,40	46,38	52,98	59,41	65,77	70,09	73,21	75,17	76,37	76,88	77,37	77,91	78,38	78,93	79,63	80,48	81,68	82,73	83,99	85,16	86,39	87,67	88,84	89,68	90,32	90,97	91,56	91,81
    27 	y.027_CAL01-Y05_wbg		SCI	CM-2600d	------	1004031	1.23	31/01/2022 11:20:44	31/01/2022 10:54:13	Reflectance	di:8,de:8	SCI+SCE	SAV(3mm)	400nm cut	------	(None)	(None)	87,62	-1,33	42,24	42,26	91,80	0,00	0,00	0,00	0,00	22,44	26,39	29,67	29,24	28,50	27,77	29,07	33,14	39,36	46,77	54,17	62,03	67,91	72,23	75,09	76,92	77,91	78,84	79,77	80,44	81,10	81,88	82,77	83,86	84,79	86,03	87,31	88,37	89,75	90,87	91,78	92,44	93,10	93,70	94,02
    27 	y.027_CAL01-Y05_wbg		SCE	CM-2600d	------	1004031	1.23	31/01/2022 11:20:44	31/01/2022 10:54:13	Reflectance	di:8,de:8	SCI+SCE	SAV(3mm)	400nm cut	------	(None)	(None)	86,03	-1,27	44,90	44,92	91,62	0,00	0,00	0,00	0,00	18,65	22,62	25,93	25,53	24,84	24,13	25,47	29,59	35,85	43,30	50,74	58,64	64,57	68,92	71,82	73,70	74,72	75,69	76,67	77,38	78,07	78,88	79,80	80,92	81,89	83,15	84,48	85,55	86,95	88,09	89,01	89,68	90,35	90,96	91,28
    28 	y.028_CAL01-Y06_wbg		SCI	CM-2600d	------	1004031	1.23	31/01/2022 11:20:55	31/01/2022 10:54:13	Reflectance	di:8,de:8	SCI+SCE	SAV(3mm)	400nm cut	------	(None)	(None)	85,88	0,20	51,39	51,39	89,77	0,00	0,00	0,00	0,00	18,73	21,10	22,34	21,49	20,44	19,99	21,26	25,04	31,03	38,62	46,70	55,47	62,39	67,89	71,70	74,13	75,63	77,07	78,30	79,17	80,06	80,92	81,72	83,02	83,78	85,23	86,35	87,48	88,81	89,99	90,88	91,48	92,18	92,86	93,24
    28 	y.028_CAL01-Y06_wbg		SCE	CM-2600d	------	1004031	1.23	31/01/2022 11:20:55	31/01/2022 10:54:13	Reflectance	di:8,de:8	SCI+SCE	SAV(3mm)	400nm cut	------	(None)	(None)	84,15	0,33	55,31	55,31	89,66	0,00	0,00	0,00	0,00	14,82	17,20	18,46	17,64	16,62	16,20	17,50	21,31	27,36	34,98	43,10	51,92	58,87	64,40	68,26	70,74	72,28	73,76	75,02	75,95	76,87	77,77	78,61	79,95	80,74	82,22	83,38	84,52	85,86	87,06	87,96	88,57	89,28	89,96	90,35
    29 	y.029_CAL01-Y07_wbg		SCI	CM-2600d	------	1004031	1.23	31/01/2022 11:21:08	31/01/2022 10:54:13	Reflectance	di:8,de:8	SCI+SCE	SAV(3mm)	400nm cut	------	(None)	(None)	83,96	2,65	61,22	61,28	87,52	0,00	0,00	0,00	0,00	15,02	15,81	15,82	14,59	13,75	13,42	14,53	17,75	23,25	30,65	38,87	48,31	56,27	62,75	67,55	70,77	72,85	74,87	76,66	78,00	79,13	80,13	81,04	82,28	83,37	84,64	85,86	86,99	88,31	89,51	90,49	91,21	91,92	92,61	92,99
    29 	y.029_CAL01-Y07_wbg		SCE	CM-2600d	------	1004031	1.23	31/01/2022 11:21:08	31/01/2022 10:54:13	Reflectance	di:8,de:8	SCI+SCE	SAV(3mm)	400nm cut	------	(None)	(None)	82,23	2,87	66,58	66,64	87,53	0,00	0,00	0,00	0,00	11,34	12,14	12,17	10,96	10,15	9,84	10,97	14,21	19,73	27,18	35,42	44,91	52,90	59,40	64,26	67,51	69,64	71,70	73,52	74,90	76,06	77,09	78,04	79,30	80,42	81,73	82,97	84,12	85,45	86,67	87,65	88,37	89,08	89,78	90,15
    30 	y.030_CAL01-Y08_wbg		SCI	CM-2600d	------	1004031	1.23	31/01/2022 11:21:20	31/01/2022 10:54:13	Reflectance	di:8,de:8	SCI+SCE	SAV(3mm)	400nm cut	------	(None)	(None)	81,13	6,29	70,00	70,28	84,87	0,00	0,00	0,00	0,00	11,54	11,18	10,53	9,34	8,76	8,56	9,28	11,58	16,05	22,51	30,47	39,91	48,45	55,72	61,22	65,07	67,80	70,49	73,11	75,12	76,75	78,09	79,12	80,41	81,36	82,76	84,01	85,20	86,54	87,62	88,65	89,33	90,04	90,86	91,47
    30 	y.030_CAL01-Y08_wbg		SCE	CM-2600d	------	1004031	1.23	31/01/2022 11:21:20	31/01/2022 10:54:13	Reflectance	di:8,de:8	SCI+SCE	SAV(3mm)	400nm cut	------	(None)	(None)	79,12	6,70	79,05	79,34	85,16	0,00	0,00	0,00	0,00	7,50	7,16	6,53	5,37	4,82	4,64	5,38	7,71	12,21	18,71	26,70	36,16	44,74	52,05	57,60	61,49	64,27	67,00	69,66	71,72	73,39	74,76	75,84	77,16	78,14	79,57	80,86	82,06	83,42	84,54	85,57	86,27	87,00	87,82	88,44
    31 	y.031_CAL01-Y09_wbg		SCI	CM-2600d	------	1004031	1.23	31/01/2022 11:21:32	31/01/2022 10:54:13	Reflectance	di:8,de:8	SCI+SCE	SAV(3mm)	400nm cut	------	(None)	(None)	79,33	8,68	73,31	73,83	83,25	0,00	0,00	0,00	0,00	9,84	9,25	8,38	7,42	7,03	6,90	7,39	9,21	12,96	18,86	26,42	35,55	44,21	51,53	56,96	60,94	64,08	67,38	70,59	73,06	75,05	76,60	77,76	79,17	80,21	81,72	82,77	84,16	85,44	86,84	87,80	88,62	89,44	90,23	90,72
    31 	y.031_CAL01-Y09_wbg		SCE	CM-2600d	------	1004031	1.23	31/01/2022 11:21:32	31/01/2022 10:54:13	Reflectance	di:8,de:8	SCI+SCE	SAV(3mm)	400nm cut	------	(None)	(None)	77,17	9,22	84,80	85,30	83,79	0,00	0,00	0,00	0,00	5,73	5,16	4,31	3,39	3,02	2,91	3,42	5,27	9,05	14,97	22,55	31,71	40,39	47,73	53,21	57,24	60,41	63,76	67,01	69,53	71,54	73,14	74,35	75,79	76,86	78,41	79,48	80,91	82,21	83,64	84,60	85,43	86,26	87,06	87,54
    32 	y.032_CAL01-Y10_wbg		SCI	CM-2600d	------	1004031	1.23	31/01/2022 11:21:45	31/01/2022 10:54:13	Reflectance	di:8,de:8	SCI+SCE	SAV(3mm)	400nm cut	------	(None)	(None)	77,94	10,44	74,02	74,75	81,97	0,00	0,00	0,00	0,00	9,02	8,35	7,51	6,66	6,33	6,20	6,61	8,13	11,55	17,18	24,43	33,29	41,58	48,44	53,69	57,43	60,46	64,21	68,01	71,18	73,74	75,58	76,97	78,49	79,57	81,01	82,36	83,57	85,02	86,34	87,25	88,08	89,02	89,71	90,36
    32 	y.032_CAL01-Y10_wbg		SCE	CM-2600d	------	1004031	1.23	31/01/2022 11:21:45	31/01/2022 10:54:13	Reflectance	di:8,de:8	SCI+SCE	SAV(3mm)	400nm cut	------	(None)	(None)	75,71	11,10	86,80	87,51	82,71	0,00	0,00	0,00	0,00	4,95	4,29	3,47	2,65	2,34	2,22	2,65	4,19	7,64	13,28	20,56	29,43	37,75	44,63	49,93	53,70	56,78	60,57	64,41	67,63	70,23	72,11	73,54	75,11	76,21	77,68	79,05	80,29	81,75	83,10	84,02	84,87	85,81	86,52	87,17
    33 	y.033_CAL01-Y11_wbg		SCI	CM-2600d	------	1004031	1.23	31/01/2022 11:21:56	31/01/2022 10:54:13	Reflectance	di:8,de:8	SCI+SCE	SAV(3mm)	400nm cut	------	(None)	(None)	76,49	12,28	72,78	73,81	80,43	0,00	0,00	0,00	0,00	8,74	8,04	7,18	6,41	6,09	6,02	6,33	7,76	10,99	16,29	23,16	31,58	39,25	45,51	50,09	53,34	56,45	60,44	64,97	69,06	72,17	74,47	76,34	77,94	79,33	80,76	82,13	83,39	84,89	86,22	87,24	88,14	88,99	89,74	90,29
    33 	y.033_CAL01-Y11_wbg		SCE	CM-2600d	------	1004031	1.23	31/01/2022 11:21:56	31/01/2022 10:54:13	Reflectance	di:8,de:8	SCI+SCE	SAV(3mm)	400nm cut	------	(None)	(None)	74,00	13,10	87,20	88,18	81,46	0,00	0,00	0,00	0,00	4,40	3,73	2,89	2,15	1,85	1,81	2,13	3,59	6,83	12,14	19,03	27,47	35,15	41,43	46,06	49,34	52,48	56,51	61,09	65,22	68,37	70,72	72,64	74,27	75,71	77,18	78,58	79,87	81,39	82,74	83,77	84,69	85,55	86,31	86,86
    34 	w.003_CAL01-GS01_wbg		SCI	CM-2600d	------	1004031	1.23	31/01/2022 11:22:28	31/01/2022 10:54:13	Reflectance	di:8,de:8	SCI+SCE	SAV(3mm)	400nm cut	------	(None)	(None)	93,90	-0,09	-2,54	2,54	267,86	0,00	0,00	0,00	0,00	36,49	56,03	79,53	90,29	92,87	91,20	90,40	90,16	89,16	88,15	87,40	86,55	85,72	85,02	84,60	84,23	83,56	83,33	83,10	83,07	83,33	84,00	84,57	85,65	86,70	87,64	89,01	89,81	91,00	92,11	93,01	93,59	94,08	94,65	94,83
    34 	w.003_CAL01-GS01_wbg		SCE	CM-2600d	------	1004031	1.23	31/01/2022 11:22:28	31/01/2022 10:54:13	Reflectance	di:8,de:8	SCI+SCE	SAV(3mm)	400nm cut	------	(None)	(None)	92,79	-0,06	-2,41	2,41	268,66	0,00	0,00	0,00	0,00	33,46	53,04	76,59	87,41	90,04	88,42	87,65	87,46	86,48	85,48	84,75	83,92	83,10	82,43	82,04	81,68	81,03	80,82	80,61	80,61	80,89	81,59	82,19	83,29	84,35	85,32	86,73	87,54	88,75	89,86	90,76	91,34	91,82	92,41	92,58
    35 	gy.007_CAL01-GS02_wbg		SCI	CM-2600d	------	1004031	1.23	31/01/2022 11:22:39	31/01/2022 10:54:13	Reflectance	di:8,de:8	SCI+SCE	SAV(3mm)	400nm cut	------	(None)	(None)	75,84	-0,23	0,73	0,76	107,48	0,00	0,00	0,00	0,00	28,63	37,66	46,87	49,61	49,08	48,00	48,40	50,46	52,65	54,11	53,87	52,45	50,68	48,91	47,36	46,12	46,06	47,77	50,09	51,56	51,80	51,40	50,79	50,38	49,84	49,72	50,53	52,63	56,50	61,23	66,37	71,19	75,64	79,54	83,11
    35 	gy.007_CAL01-GS02_wbg		SCE	CM-2600d	------	1004031	1.23	31/01/2022 11:22:39	31/01/2022 10:54:13	Reflectance	di:8,de:8	SCI+SCE	SAV(3mm)	400nm cut	------	(None)	(None)	73,90	-0,18	0,95	0,97	100,93	0,00	0,00	0,00	0,00	25,21	34,26	43,51	46,29	45,80	44,75	45,17	47,26	49,48	50,96	50,73	49,32	47,55	45,79	44,25	43,03	42,98	44,71	47,05	48,54	48,81	48,42	47,84	47,46	46,94	46,85	47,70	49,83	53,75	58,51	63,69	68,55	73,03	76,95	80,53
    36 	gy.008_CAL01-GS03_wbg		SCI	CM-2600d	------	1004031	1.23	31/01/2022 11:22:50	31/01/2022 10:54:13	Reflectance	di:8,de:8	SCI+SCE	SAV(3mm)	400nm cut	------	(None)	(None)	51,89	-0,44	0,23	0,50	153,09	0,00	0,00	0,00	0,00	16,81	18,87	20,46	19,97	19,00	18,40	19,01	20,86	23,02	24,36	23,97	22,46	20,63	19,19	17,98	17,14	17,24	18,72	20,85	22,05	21,78	20,96	20,33	19,88	19,26	19,08	19,47	21,46	24,91	29,84	35,79	41,95	48,45	54,66	61,40
    36 	gy.008_CAL01-GS03_wbg		SCE	CM-2600d	------	1004031	1.23	31/01/2022 11:22:50	31/01/2022 10:54:13	Reflectance	di:8,de:8	SCI+SCE	SAV(3mm)	400nm cut	------	(None)	(None)	47,66	-0,48	0,47	0,67	135,23	0,00	0,00	0,00	0,00	13,05	15,13	16,75	16,30	15,36	14,79	15,43	17,31	19,48	20,83	20,45	18,94	17,10	15,66	14,45	13,61	13,71	15,21	17,34	18,55	18,30	17,50	16,89	16,45	15,86	15,71	16,14	18,16	21,66	26,63	32,62	38,83	45,38	51,62	58,38
    37 	gy.009_CAL01-GS04_wbg		SCI	CM-2600d	------	1004031	1.23	31/01/2022 11:23:00	31/01/2022 10:54:13	Reflectance	di:8,de:8	SCI+SCE	SAV(3mm)	400nm cut	------	(None)	(None)	30,58	0,30	-1,72	1,74	280,08	0,00	0,00	0,00	0,00	7,95	7,73	7,42	6,85	6,49	6,27	6,49	7,16	8,06	8,49	8,04	7,13	6,39	5,96	5,70	5,56	5,58	6,01	6,70	7,08	6,84	6,51	6,43	6,47	6,42	6,49	6,75	7,56	9,14	11,78	15,62	20,16	25,67	31,64	38,86
    37 	gy.009_CAL01-GS04_wbg		SCE	CM-2600d	------	1004031	1.23	31/01/2022 11:23:00	31/01/2022 10:54:13	Reflectance	di:8,de:8	SCI+SCE	SAV(3mm)	400nm cut	------	(None)	(None)	20,61	0,46	-2,71	2,74	279,55	0,00	0,00	0,00	0,00	4,54	4,32	4,03	3,49	3,14	2,94	3,17	3,86	4,76	5,20	4,74	3,82	3,07	2,63	2,37	2,21	2,22	2,65	3,35	3,74	3,50	3,18	3,11	3,16	3,13	3,22	3,51	4,35	5,97	8,64	12,51	17,09	22,65	28,64	35,88
    38 	k.005_CAL01-GS05_wbg		SCI	CM-2600d	------	1004031	1.23	31/01/2022 11:23:11	31/01/2022 10:54:13	Reflectance	di:8,de:8	SCI+SCE	SAV(3mm)	400nm cut	------	(None)	(None)	27,73	0,01	-1,31	1,31	270,64	0,00	0,00	0,00	0,00	6,60	6,32	5,96	5,60	5,38	5,30	5,37	5,78	6,30	6,59	6,31	5,72	5,28	5,07	4,96	4,89	4,88	5,10	5,43	5,64	5,47	5,27	5,24	5,32	5,30	5,39	5,56	6,06	7,14	9,03	11,94	15,66	20,51	25,95	32,96
    38 	k.005_CAL01-GS05_wbg		SCE	CM-2600d	------	1004031	1.23	31/01/2022 11:23:11	31/01/2022 10:54:13	Reflectance	di:8,de:8	SCI+SCE	SAV(3mm)	400nm cut	------	(None)	(None)	15,02	0,00	-2,47	2,47	270,06	0,00	0,00	0,00	0,00	3,07	2,80	2,46	2,12	1,91	1,85	1,94	2,36	2,89	3,18	2,90	2,30	1,85	1,62	1,51	1,43	1,41	1,63	1,97	2,18	2,01	1,83	1,82	1,92	1,91	2,02	2,21	2,74	3,86	5,79	8,74	12,50	17,39	22,87	29,89
    39 	k.006_CAL01-GS06_wbg		SCI	CM-2600d	------	1004031	1.23	31/01/2022 11:23:23	31/01/2022 10:54:13	Reflectance	di:8,de:8	SCI+SCE	SAV(3mm)	400nm cut	------	(None)	(None)	28,12	0,02	-1,26	1,26	271,10	0,00	0,00	0,00	0,00	6,72	6,43	6,11	5,73	5,57	5,43	5,52	5,89	6,43	6,70	6,42	5,88	5,43	5,21	5,12	5,04	5,02	5,25	5,62	5,79	5,62	5,40	5,37	5,45	5,46	5,52	5,68	6,20	7,27	9,15	12,04	15,73	20,58	25,99	33,00
    39 	k.006_CAL01-GS06_wbg		SCE	CM-2600d	------	1004031	1.23	31/01/2022 11:23:23	31/01/2022 10:54:13	Reflectance	di:8,de:8	SCI+SCE	SAV(3mm)	400nm cut	------	(None)	(None)	11,61	0,04	-2,72	2,72	270,88	0,00	0,00	0,00	0,00	2,40	2,13	1,84	1,49	1,36	1,25	1,35	1,74	2,31	2,58	2,29	1,74	1,29	1,04	0,95	0,87	0,85	1,07	1,44	1,63	1,46	1,26	1,26	1,35	1,38	1,46	1,66	2,22	3,33	5,26	8,19	11,92	16,81	22,27	29,30
    40 	b.034_CAL02-C01_wbg		SCI	CM-2600d	------	1004031	1.23	31/01/2022 11:24:11	31/01/2022 10:54:13	Reflectance	di:8,de:8	SCI+SCE	SAV(3mm)	400nm cut	------	(None)	(None)	93,83	-1,13	-2,78	3,01	247,83	0,00	0,00	0,00	0,00	34,34	54,39	78,95	90,56	92,88	91,51	90,96	90,36	89,65	88,54	87,95	87,26	86,19	85,47	85,07	84,34	83,66	83,17	82,66	82,16	82,31	82,40	82,59	83,46	84,11	85,11	86,22	87,63	89,23	90,57	91,81	92,85	93,59	94,37	94,79
    40 	b.034_CAL02-C01_wbg		SCE	CM-2600d	------	1004031	1.23	31/01/2022 11:24:11	31/01/2022 10:54:13	Reflectance	di:8,de:8	SCI+SCE	SAV(3mm)	400nm cut	------	(None)	(None)	91,77	-1,16	-2,72	2,96	246,83	0,00	0,00	0,00	0,00	29,15	49,24	73,86	85,53	87,92	86,60	86,10	85,56	84,87	83,78	83,21	82,53	81,47	80,76	80,38	79,64	78,96	78,50	78,01	77,53	77,70	77,83	78,03	78,94	79,62	80,65	81,80	83,24	84,87	86,24	87,51	88,58	89,34	90,14	90,58
    41 	b.035_CAL02-C02_wbg		SCI	CM-2600d	------	1004031	1.23	31/01/2022 11:24:24	31/01/2022 10:54:13	Reflectance	di:8,de:8	SCI+SCE	SAV(3mm)	400nm cut	------	(None)	(None)	91,90	-5,29	-5,27	7,47	224,90	0,00	0,00	0,00	0,00	33,87	53,05	76,95	89,10	91,71	90,49	89,84	89,54	88,71	87,68	87,00	86,01	84,77	83,77	82,64	81,45	80,00	78,34	76,58	74,70	73,13	71,86	71,01	70,83	70,37	70,83	71,77	73,68	76,50	79,60	82,70	85,32	87,69	89,59	91,17
    41 	b.035_CAL02-C02_wbg		SCE	CM-2600d	------	1004031	1.23	31/01/2022 11:24:24	31/01/2022 10:54:13	Reflectance	di:8,de:8	SCI+SCE	SAV(3mm)	400nm cut	------	(None)	(None)	89,85	-5,52	-5,37	7,70	224,17	0,00	0,00	0,00	0,00	29,01	48,22	72,17	84,37	87,03	85,85	85,25	84,97	84,17	83,16	82,50	81,51	80,27	79,26	78,14	76,94	75,49	73,84	72,08	70,21	68,64	67,38	66,54	66,37	65,95	66,43	67,40	69,34	72,19	75,34	78,48	81,14	83,55	85,46	87,08
    42 	b.036_CAL02-C03_wbg		SCI	CM-2600d	------	1004031	1.23	31/01/2022 11:24:35	31/01/2022 10:54:13	Reflectance	di:8,de:8	SCI+SCE	SAV(3mm)	400nm cut	------	(None)	(None)	88,59	-11,63	-9,45	14,98	219,10	0,00	0,00	0,00	0,00	33,07	51,57	74,53	86,13	89,17	88,55	88,05	87,91	87,11	85,98	84,97	83,87	82,13	80,27	78,45	75,93	72,98	69,82	66,20	62,48	59,10	56,28	54,60	53,34	52,30	52,24	52,91	55,20	58,96	63,75	68,76	73,43	77,73	81,41	84,75
    42 	b.036_CAL02-C03_wbg		SCE	CM-2600d	------	1004031	1.23	31/01/2022 11:24:35	31/01/2022 10:54:13	Reflectance	di:8,de:8	SCI+SCE	SAV(3mm)	400nm cut	------	(None)	(None)	86,19	-12,28	-9,76	15,69	218,46	0,00	0,00	0,00	0,00	27,76	46,27	69,29	80,94	84,05	83,47	83,02	82,93	82,17	81,06	80,07	78,98	77,22	75,36	73,54	71,00	68,04	64,87	61,25	57,53	54,13	51,32	49,64	48,40	47,39	47,35	48,06	50,39	54,19	59,05	64,11	68,85	73,20	76,92	80,31
    43 	b.037_CAL02-C04_wbg		SCI	CM-2600d	------	1004031	1.23	31/01/2022 11:24:46	31/01/2022 10:54:13	Reflectance	di:8,de:8	SCI+SCE	SAV(3mm)	400nm cut	------	(None)	(None)	85,09	-17,09	-13,51	21,78	218,32	0,00	0,00	0,00	0,00	31,88	49,19	71,05	82,90	86,26	85,94	85,84	85,70	84,90	83,70	82,47	80,90	78,77	76,19	73,22	69,48	65,24	60,94	56,11	51,20	46,71	43,40	41,19	39,85	38,59	38,25	38,84	41,15	45,17	50,51	56,40	62,10	67,80	72,72	77,64
    43 	b.037_CAL02-C04_wbg		SCE	CM-2600d	------	1004031	1.23	31/01/2022 11:24:46	31/01/2022 10:54:13	Reflectance	di:8,de:8	SCI+SCE	SAV(3mm)	400nm cut	------	(None)	(None)	82,48	-18,17	-14,09	22,99	217,79	0,00	0,00	0,00	0,00	26,58	43,92	65,83	77,73	81,14	80,85	80,80	80,71	79,94	78,75	77,53	75,95	73,82	71,23	68,25	64,50	60,24	55,92	51,08	46,15	41,65	38,36	36,15	34,81	33,58	33,26	33,89	36,25	40,33	45,72	51,67	57,43	63,18	68,13	73,09
    44 	b.038_CAL02-C05_wbg		SCI	CM-2600d	------	1004031	1.23	31/01/2022 11:24:57	31/01/2022 10:54:13	Reflectance	di:8,de:8	SCI+SCE	SAV(3mm)	400nm cut	------	(None)	(None)	81,43	-21,83	-17,38	27,90	218,52	0,00	0,00	0,00	0,00	30,52	46,53	67,20	78,86	82,68	82,97	82,94	82,96	82,22	80,88	79,37	77,43	74,63	71,32	67,38	62,64	57,25	52,06	46,54	41,01	36,16	32,65	30,46	29,12	28,01	27,50	28,14	30,31	34,31	39,63	45,83	52,10	58,43	64,30	70,36
    44 	b.038_CAL02-C05_wbg		SCE	CM-2600d	------	1004031	1.23	31/01/2022 11:24:57	31/01/2022 10:54:13	Reflectance	di:8,de:8	SCI+SCE	SAV(3mm)	400nm cut	------	(None)	(None)	78,58	-23,42	-18,23	29,68	217,90	0,00	0,00	0,00	0,00	25,18	41,21	61,94	73,65	77,52	77,86	77,88	77,94	77,24	75,91	74,41	72,48	69,65	66,33	62,38	57,60	52,19	46,99	41,45	35,89	31,03	27,52	25,34	24,02	22,93	22,44	23,12	25,34	29,40	34,78	41,04	47,37	53,76	59,67	65,78
    45 	b.039_CAL02-C06_wbg		SCI	CM-2600d	------	1004031	1.23	31/01/2022 11:25:08	31/01/2022 10:54:13	Reflectance	di:8,de:8	SCI+SCE	SAV(3mm)	400nm cut	------	(None)	(None)	77,84	-25,64	-20,86	33,05	219,14	0,00	0,00	0,00	0,00	29,08	43,85	63,29	74,60	79,01	79,51	79,84	80,05	79,25	77,72	75,87	73,64	70,25	66,19	61,47	55,85	49,81	44,15	38,25	32,51	27,69	24,23	22,31	21,24	20,09	19,80	20,32	22,24	25,88	30,96	37,02	43,36	49,98	56,31	63,04
    45 	b.039_CAL02-C06_wbg		SCE	CM-2600d	------	1004031	1.23	31/01/2022 11:25:08	31/01/2022 10:54:13	Reflectance	di:8,de:8	SCI+SCE	SAV(3mm)	400nm cut	------	(None)	(None)	74,95	-27,64	-21,99	35,32	218,50	0,00	0,00	0,00	0,00	24,14	38,93	58,42	69,78	74,24	74,77	75,14	75,40	74,61	73,09	71,24	69,00	65,58	61,51	56,76	51,11	45,03	39,34	33,43	27,67	22,84	19,37	17,45	16,40	15,27	15,00	15,56	17,52	21,21	26,34	32,46	38,85	45,52	51,89	58,65
    46 	b.040_CAL02-C07_wbg		SCI	CM-2600d	------	1004031	1.23	31/01/2022 11:25:19	31/01/2022 10:54:13	Reflectance	di:8,de:8	SCI+SCE	SAV(3mm)	400nm cut	------	(None)	(None)	73,71	-29,23	-24,40	38,08	219,86	0,00	0,00	0,00	0,00	26,83	40,37	58,32	69,42	74,09	75,32	75,81	76,11	75,28	73,70	71,56	68,78	64,76	60,10	54,77	48,41	41,85	35,96	30,00	24,31	19,75	16,68	15,16	14,32	13,58	13,35	13,82	15,41	18,49	23,02	28,65	34,70	41,33	47,89	55,18
    46 	b.040_CAL02-C07_wbg		SCE	CM-2600d	------	1004031	1.23	31/01/2022 11:25:19	31/01/2022 10:54:13	Reflectance	di:8,de:8	SCI+SCE	SAV(3mm)	400nm cut	------	(None)	(None)	70,70	-31,77	-25,80	40,93	219,08	0,00	0,00	0,00	0,00	22,19	35,75	53,73	64,88	69,58	70,85	71,38	71,70	70,89	69,32	67,19	64,39	60,35	55,66	50,29	43,91	37,31	31,40	25,42	19,71	15,13	12,06	10,53	9,70	8,98	8,76	9,27	10,88	14,01	18,59	24,28	30,38	37,05	43,66	50,99
    47 	b.041_CAL02-C08_wbg		SCI	CM-2600d	------	1004031	1.23	31/01/2022 11:25:29	31/01/2022 10:54:13	Reflectance	di:8,de:8	SCI+SCE	SAV(3mm)	400nm cut	------	(None)	(None)	68,76	-32,15	-28,20	42,77	221,25	0,00	0,00	0,00	0,00	24,10	36,00	51,94	62,79	68,04	69,80	70,82	71,14	70,29	68,45	65,96	62,47	57,95	52,72	46,65	39,87	33,14	27,25	21,55	16,40	12,60	10,32	9,41	9,03	8,62	8,56	8,89	10,11	12,29	15,75	20,57	25,91	32,13	38,54	46,19
    47 	b.041_CAL02-C08_wbg		SCE	CM-2600d	------	1004031	1.23	31/01/2022 11:25:29	31/01/2022 10:54:13	Reflectance	di:8,de:8	SCI+SCE	SAV(3mm)	400nm cut	------	(None)	(None)	64,95	-35,95	-30,27	47,00	220,10	0,00	0,00	0,00	0,00	18,91	30,83	46,82	57,72	63,03	64,83	65,87	66,23	65,39	63,56	61,07	57,56	53,00	47,74	41,64	34,83	28,07	22,17	16,45	11,30	7,49	5,20	4,31	3,94	3,56	3,53	3,90	5,16	7,38	10,90	15,79	21,19	27,47	33,92	41,62
    48 	b.042_CAL02-C09_wbg		SCI	CM-2600d	------	1004031	1.23	31/01/2022 11:25:39	31/01/2022 10:54:13	Reflectance	di:8,de:8	SCI+SCE	SAV(3mm)	400nm cut	------	(None)	(None)	65,65	-33,06	-30,16	44,75	222,37	0,00	0,00	0,00	0,00	22,65	33,10	47,81	58,36	63,89	66,04	67,35	67,65	66,82	64,87	62,00	58,27	53,62	48,04	41,64	34,80	28,14	22,51	17,17	12,64	9,55	7,66	7,10	6,95	6,78	6,76	7,03	7,81	9,55	12,42	16,40	21,14	26,98	33,15	40,70
    48 	b.042_CAL02-C09_wbg		SCE	CM-2600d	------	1004031	1.23	31/01/2022 11:25:39	31/01/2022 10:54:13	Reflectance	di:8,de:8	SCI+SCE	SAV(3mm)	400nm cut	------	(None)	(None)	61,46	-37,62	-32,61	49,79	220,92	0,00	0,00	0,00	0,00	17,38	27,86	42,60	53,20	58,77	60,97	62,31	62,66	61,85	59,91	57,03	53,28	48,59	42,99	36,56	29,69	23,00	17,35	12,00	7,47	4,37	2,48	1,93	1,80	1,66	1,67	1,98	2,80	4,59	7,51	11,55	16,34	22,23	28,44	36,02
    49 	b.043_CAL02-C10_wbg		SCI	CM-2600d	------	1004031	1.23	31/01/2022 11:25:50	31/01/2022 10:54:13	Reflectance	di:8,de:8	SCI+SCE	SAV(3mm)	400nm cut	------	(None)	(None)	64,01	-33,30	-31,03	45,52	222,98	0,00	0,00	0,00	0,00	21,61	31,32	45,61	55,78	61,61	64,01	65,26	65,86	64,93	62,82	59,90	56,05	51,24	45,54	39,06	32,24	25,75	20,20	15,14	10,97	8,12	6,71	6,26	6,19	6,04	6,06	6,26	7,02	8,38	10,85	14,49	18,89	24,45	30,42	37,93
    49 	b.043_CAL02-C10_wbg		SCE	CM-2600d	------	1004031	1.23	31/01/2022 11:25:50	31/01/2022 10:54:13	Reflectance	di:8,de:8	SCI+SCE	SAV(3mm)	400nm cut	------	(None)	(None)	59,70	-38,14	-33,69	50,89	221,45	0,00	0,00	0,00	0,00	16,47	26,20	40,53	50,75	56,61	59,04	60,31	60,94	60,03	57,92	54,99	51,13	46,28	40,55	34,05	27,20	20,68	15,12	10,04	5,86	3,02	1,61	1,16	1,11	0,98	1,03	1,25	2,04	3,45	5,96	9,66	14,11	19,71	25,73	33,27
    50 	b.044_CAL02-C11_wbg		SCI	CM-2600d	------	1004031	1.23	31/01/2022 11:26:02	31/01/2022 10:54:13	Reflectance	di:8,de:8	SCI+SCE	SAV(3mm)	400nm cut	------	(None)	(None)	63,27	-33,18	-31,48	45,74	223,50	0,00	0,00	0,00	0,00	21,43	30,95	44,56	54,75	60,47	63,32	64,45	65,03	63,99	62,02	58,95	54,92	50,02	44,33	37,96	31,03	24,63	19,26	14,32	10,33	7,64	6,38	5,98	5,93	5,79	5,84	6,02	6,68	7,93	10,18	13,54	17,78	23,13	28,98	36,39
    50 	b.044_CAL02-C11_wbg		SCE	CM-2600d	------	1004031	1.23	31/01/2022 11:26:02	31/01/2022 10:54:13	Reflectance	di:8,de:8	SCI+SCE	SAV(3mm)	400nm cut	------	(None)	(None)	58,83	-38,23	-34,27	51,35	221,88	0,00	0,00	0,00	0,00	16,26	25,80	39,44	49,68	55,43	58,31	59,46	60,07	59,05	57,08	54,02	49,96	45,02	39,30	32,90	25,95	19,51	14,13	9,17	5,17	2,48	1,22	0,83	0,80	0,68	0,76	0,97	1,66	2,96	5,25	8,66	12,96	18,36	24,26	31,70
    51 	r.034_CAL02-M01_wbg		SCI	CM-2600d	------	1004031	1.23	31/01/2022 11:26:44	31/01/2022 10:54:13	Reflectance	di:8,de:8	SCI+SCE	SAV(3mm)	400nm cut	------	(None)	(None)	93,34	0,96	-3,35	3,49	286,06	0,00	0,00	0,00	0,00	34,43	54,22	78,52	90,65	92,81	91,39	90,41	89,84	88,64	87,56	86,42	85,16	83,97	82,90	82,39	81,91	81,37	81,51	81,99	82,37	83,22	83,90	84,69	85,74	86,66	87,86	89,08	90,41	91,56	92,78	93,50	94,10	94,66	95,06	95,38
    51 	r.034_CAL02-M01_wbg		SCE	CM-2600d	------	1004031	1.23	31/01/2022 11:26:44	31/01/2022 10:54:13	Reflectance	di:8,de:8	SCI+SCE	SAV(3mm)	400nm cut	------	(None)	(None)	91,19	1,04	-3,28	3,44	287,61	0,00	0,00	0,00	0,00	29,04	48,87	73,23	85,43	87,64	86,29	85,34	84,84	83,67	82,62	81,50	80,26	79,07	78,02	77,52	77,07	76,54	76,71	77,21	77,62	78,50	79,20	80,04	81,11	82,07	83,31	84,57	85,93	87,12	88,36	89,12	89,73	90,30	90,73	91,04
    52 	r.035_CAL02-M02_wbg		SCI	CM-2600d	------	1004031	1.23	31/01/2022 11:26:55	31/01/2022 10:54:13	Reflectance	di:8,de:8	SCI+SCE	SAV(3mm)	400nm cut	------	(None)	(None)	90,03	6,39	-7,54	9,88	310,31	0,00	0,00	0,00	0,00	34,42	53,84	77,80	89,66	91,80	90,03	88,35	86,99	84,63	82,05	79,42	76,63	74,22	72,34	71,22	70,50	70,62	72,43	75,02	77,64	80,22	82,10	83,62	85,00	86,31	87,61	88,91	90,27	91,59	92,74	93,46	94,13	94,69	95,16	95,42
    52 	r.035_CAL02-M02_wbg		SCE	CM-2600d	------	1004031	1.23	31/01/2022 11:26:55	31/01/2022 10:54:13	Reflectance	di:8,de:8	SCI+SCE	SAV(3mm)	400nm cut	------	(None)	(None)	87,75	6,75	-7,72	10,25	311,17	0,00	0,00	0,00	0,00	29,18	48,64	72,66	84,58	86,77	85,05	83,41	82,09	79,75	77,17	74,55	71,76	69,33	67,46	66,35	65,65	65,78	67,62	70,24	72,90	75,52	77,44	79,01	80,44	81,79	83,13	84,46	85,85	87,19	88,39	89,13	89,83	90,40	90,88	91,16
    53 	r.036_CAL02-M03_wbg		SCI	CM-2600d	------	1004031	1.23	31/01/2022 11:27:08	31/01/2022 10:54:13	Reflectance	di:8,de:8	SCI+SCE	SAV(3mm)	400nm cut	------	(None)	(None)	84,52	14,91	-13,80	20,32	317,22	0,00	0,00	0,00	0,00	33,76	52,76	76,31	87,70	89,02	86,60	83,89	81,01	76,90	72,31	67,79	63,10	59,69	57,21	55,53	54,65	55,44	58,71	63,71	69,23	74,36	78,04	80,97	83,30	84,85	86,73	88,14	89,64	90,98	92,32	93,11	93,83	94,37	94,79	95,09
    53 	r.036_CAL02-M03_wbg		SCE	CM-2600d	------	1004031	1.23	31/01/2022 11:27:08	31/01/2022 10:54:13	Reflectance	di:8,de:8	SCI+SCE	SAV(3mm)	400nm cut	------	(None)	(None)	81,90	15,79	-14,34	21,33	317,77	0,00	0,00	0,00	0,00	28,38	47,41	71,03	82,48	83,85	81,49	78,80	75,96	71,86	67,28	62,77	58,06	54,64	52,15	50,48	49,62	50,43	53,73	58,78	64,35	69,52	73,26	76,25	78,62	80,22	82,15	83,60	85,14	86,50	87,89	88,71	89,47	90,04	90,48	90,82
    54 	r.037_CAL02-M04_wbg		SCI	CM-2600d	------	1004031	1.23	31/01/2022 11:27:18	31/01/2022 10:54:13	Reflectance	di:8,de:8	SCI+SCE	SAV(3mm)	400nm cut	------	(None)	(None)	78,42	23,25	-19,21	30,16	320,44	0,00	0,00	0,00	0,00	33,13	51,52	73,57	83,27	83,85	80,57	76,72	72,50	66,82	61,12	55,58	49,91	46,18	43,49	41,67	40,85	41,88	45,68	52,28	59,76	66,86	72,51	76,77	79,95	82,32	84,35	86,18	87,66	89,17	90,45	91,18	91,84	92,49	93,00	93,27
    54 	r.037_CAL02-M04_wbg		SCE	CM-2600d	------	1004031	1.23	31/01/2022 11:27:18	31/01/2022 10:54:13	Reflectance	di:8,de:8	SCI+SCE	SAV(3mm)	400nm cut	------	(None)	(None)	75,43	24,81	-20,18	31,98	320,88	0,00	0,00	0,00	0,00	27,86	46,28	68,38	78,13	78,75	75,52	71,67	67,50	61,82	56,12	50,57	44,89	41,14	38,44	36,62	35,81	36,86	40,69	47,34	54,88	62,02	67,73	72,07	75,31	77,74	79,82	81,70	83,21	84,75	86,08	86,83	87,51	88,17	88,69	88,97
    55 	r.038_CAL02-M05_wbg		SCI	CM-2600d	------	1004031	1.23	31/01/2022 11:27:30	31/01/2022 10:54:13	Reflectance	di:8,de:8	SCI+SCE	SAV(3mm)	400nm cut	------	(None)	(None)	73,50	31,24	-24,21	39,52	322,22	0,00	0,00	0,00	0,00	32,19	49,81	71,09	80,95	81,13	77,08	72,11	66,58	59,65	52,73	46,15	40,13	36,13	33,45	31,80	31,01	32,22	36,50	43,70	52,34	61,22	68,65	74,38	78,94	82,07	84,77	86,75	88,64	90,32	91,79	92,68	93,54	94,24	94,72	94,99
    55 	r.038_CAL02-M05_wbg		SCE	CM-2600d	------	1004031	1.23	31/01/2022 11:27:30	31/01/2022 10:54:13	Reflectance	di:8,de:8	SCI+SCE	SAV(3mm)	400nm cut	------	(None)	(None)	70,54	33,33	-25,51	41,97	322,57	0,00	0,00	0,00	0,00	27,61	45,25	66,57	76,46	76,67	72,64	67,68	62,18	55,24	48,32	41,71	35,68	31,65	28,95	27,30	26,52	27,75	32,06	39,30	47,99	56,94	64,42	70,23	74,85	78,03	80,78	82,81	84,73	86,45	87,94	88,84	89,71	90,42	90,91	91,18
    56 	r.039_CAL02-M06_wbg		SCI	CM-2600d	------	1004031	1.23	31/01/2022 11:27:41	31/01/2022 10:54:13	Reflectance	di:8,de:8	SCI+SCE	SAV(3mm)	400nm cut	------	(None)	(None)	68,19	38,21	-28,19	47,48	323,59	0,00	0,00	0,00	0,00	31,73	48,14	67,96	76,52	76,08	71,19	65,26	58,92	51,29	44,02	37,20	31,15	27,45	25,02	23,50	22,93	23,93	28,07	35,31	44,51	54,32	63,11	70,24	75,75	79,65	82,99	85,32	87,51	89,30	90,87	91,89	92,75	93,40	93,98	94,31
    56 	r.039_CAL02-M06_wbg		SCE	CM-2600d	------	1004031	1.23	31/01/2022 11:27:41	31/01/2022 10:54:13	Reflectance	di:8,de:8	SCI+SCE	SAV(3mm)	400nm cut	------	(None)	(None)	64,37	41,56	-30,18	51,36	324,01	0,00	0,00	0,00	0,00	26,50	42,95	62,82	71,42	71,03	66,17	60,27	53,94	46,31	39,03	32,20	26,13	22,41	19,96	18,44	17,87	18,88	23,06	30,35	39,61	49,46	58,35	65,54	71,12	75,10	78,49	80,89	83,12	84,94	86,59	87,62	88,51	89,18	89,78	90,13
    57 	r.040_CAL02-M07_wbg		SCI	CM-2600d	------	1004031	1.23	31/01/2022 11:27:52	31/01/2022 10:54:13	Reflectance	di:8,de:8	SCI+SCE	SAV(3mm)	400nm cut	------	(None)	(None)	62,24	45,96	-32,37	56,22	324,84	0,00	0,00	0,00	0,00	30,58	45,94	64,03	71,55	70,17	64,73	57,86	50,57	42,40	34,91	28,27	22,45	19,20	17,23	16,08	15,56	16,57	20,16	26,86	36,13	46,64	56,63	65,15	72,17	77,09	81,12	84,12	86,67	88,70	90,48	91,54	92,49	93,33	93,88	94,30
    57 	r.040_CAL02-M07_wbg		SCE	CM-2600d	------	1004031	1.23	31/01/2022 11:27:52	31/01/2022 10:54:13	Reflectance	di:8,de:8	SCI+SCE	SAV(3mm)	400nm cut	------	(None)	(None)	57,55	51,04	-35,27	62,04	325,35	0,00	0,00	0,00	0,00	25,09	40,49	58,63	66,21	64,87	59,48	52,62	45,37	37,18	29,69	23,05	17,21	13,94	11,95	10,79	10,28	11,30	14,92	21,67	30,99	41,57	51,62	60,22	67,32	72,33	76,43	79,49	82,10	84,19	86,01	87,11	88,08	88,94	89,49	89,92
    58 	r.041_CAL02-M08_wbg		SCI	CM-2600d	------	1004031	1.23	31/01/2022 11:28:03	31/01/2022 10:54:13	Reflectance	di:8,de:8	SCI+SCE	SAV(3mm)	400nm cut	------	(None)	(None)	54,58	54,35	-36,31	65,36	326,26	0,00	0,00	0,00	0,00	28,51	41,94	57,34	63,57	61,57	55,21	47,52	39,75	31,55	24,25	18,44	13,59	11,25	10,00	9,42	9,06	9,70	12,25	17,66	26,14	36,53	47,28	57,47	65,99	72,30	77,47	81,14	84,15	86,67	88,72	90,11	91,23	92,12	92,86	93,35
    58 	r.041_CAL02-M08_wbg		SCE	CM-2600d	------	1004031	1.23	31/01/2022 11:28:03	31/01/2022 10:54:13	Reflectance	di:8,de:8	SCI+SCE	SAV(3mm)	400nm cut	------	(None)	(None)	48,72	62,26	-40,61	74,33	326,88	0,00	0,00	0,00	0,00	23,10	36,55	51,99	58,27	56,30	49,99	42,31	34,57	26,38	19,08	13,26	8,40	6,04	4,78	4,18	3,81	4,47	7,03	12,49	21,02	31,46	42,28	52,55	61,14	67,53	72,77	76,52	79,58	82,16	84,25	85,68	86,83	87,75	88,50	89,01
    59 	r.042_CAL02-M09_wbg		SCI	CM-2600d	------	1004031	1.23	31/01/2022 11:28:14	31/01/2022 10:54:13	Reflectance	di:8,de:8	SCI+SCE	SAV(3mm)	400nm cut	------	(None)	(None)	50,52	57,85	-37,66	69,03	326,93	0,00	0,00	0,00	0,00	26,95	39,20	53,39	58,82	56,42	49,82	42,00	33,95	25,96	19,15	13,99	9,89	8,19	7,37	6,96	6,81	7,22	9,10	13,51	21,10	31,28	42,21	52,77	61,95	68,78	74,32	78,28	81,68	84,47	86,87	88,50	89,83	91,06	91,91	92,48
    59 	r.042_CAL02-M09_wbg		SCE	CM-2600d	------	1004031	1.23	31/01/2022 11:28:14	31/01/2022 10:54:13	Reflectance	di:8,de:8	SCI+SCE	SAV(3mm)	400nm cut	------	(None)	(None)	43,88	67,75	-42,96	80,22	327,62	0,00	0,00	0,00	0,00	21,69	33,95	48,18	53,63	51,25	44,68	36,88	28,84	20,86	14,05	8,89	4,77	3,05	2,21	1,79	1,63	2,05	3,94	8,38	16,02	26,24	37,24	47,86	57,12	64,03	69,64	73,68	77,13	79,98	82,42	84,09	85,46	86,71	87,58	88,16
    60 	r.043_CAL02-M10_wbg		SCI	CM-2600d	------	1004031	1.23	31/01/2022 11:28:27	31/01/2022 10:54:13	Reflectance	di:8,de:8	SCI+SCE	SAV(3mm)	400nm cut	------	(None)	(None)	48,79	58,57	-38,17	69,91	326,91	0,00	0,00	0,00	0,00	26,28	38,09	51,84	56,85	54,12	47,57	39,57	31,67	23,74	17,16	12,33	8,64	7,23	6,62	6,33	6,15	6,49	8,03	11,92	19,03	28,93	39,68	50,25	59,28	66,06	71,52	75,45	78,92	82,07	84,82	86,90	88,48	89,92	91,00	91,80
    60 	r.043_CAL02-M10_wbg		SCE	CM-2600d	------	1004031	1.23	31/01/2022 11:28:27	31/01/2022 10:54:13	Reflectance	di:8,de:8	SCI+SCE	SAV(3mm)	400nm cut	------	(None)	(None)	41,66	69,60	-44,07	82,38	327,66	0,00	0,00	0,00	0,00	21,02	32,83	46,61	51,65	48,94	42,42	34,43	26,54	18,62	12,03	7,20	3,49	2,04	1,42	1,11	0,93	1,28	2,82	6,74	13,89	23,85	34,66	45,30	54,41	61,27	66,80	70,81	74,33	77,53	80,33	82,45	84,06	85,52	86,61	87,43
    61 	r.044_CAL02-M11_wbg		SCI	CM-2600d	------	1004031	1.23	31/01/2022 11:28:45	31/01/2022 10:54:13	Reflectance	di:8,de:8	SCI+SCE	SAV(3mm)	400nm cut	------	(None)	(None)	48,23	58,73	-38,54	70,24	326,73	0,00	0,00	0,00	0,00	26,41	38,00	51,21	56,34	53,63	47,04	39,12	31,10	23,16	16,65	11,85	8,36	6,94	6,31	6,05	5,92	6,35	7,73	11,51	18,48	28,15	38,84	49,23	58,12	64,85	70,06	73,91	77,47	80,73	83,70	86,09	87,93	89,44	90,62	91,55
    61 	r.044_CAL02-M11_wbg		SCE	CM-2600d	------	1004031	1.23	31/01/2022 11:28:45	31/01/2022 10:54:13	Reflectance	di:8,de:8	SCI+SCE	SAV(3mm)	400nm cut	------	(None)	(None)	41,15	69,72	-44,46	82,69	327,48	0,00	0,00	0,00	0,00	21,25	32,86	46,09	51,26	48,57	42,00	34,10	26,09	18,16	11,66	6,85	3,34	1,90	1,25	0,98	0,83	1,26	2,64	6,45	13,45	23,17	33,92	44,36	53,34	60,14	65,42	69,33	72,96	76,26	79,29	81,72	83,60	85,13	86,33	87,28
    62 	y.034_CAL02-Y01_wbg		SCI	CM-2600d	------	1004031	1.23	31/01/2022 11:29:18	31/01/2022 10:54:13	Reflectance	di:8,de:8	SCI+SCE	SAV(3mm)	400nm cut	------	(None)	(None)	93,86	-0,98	0,89	1,33	137,83	0,00	0,00	0,00	0,00	33,49	52,01	74,58	85,19	87,07	85,68	85,24	85,70	85,90	86,18	86,34	86,19	85,73	85,32	85,15	84,83	84,18	83,96	83,66	83,56	83,86	84,42	84,99	86,02	86,77	88,01	89,16	90,43	91,69	92,80	93,52	94,18	94,73	95,16	95,40
    62 	y.034_CAL02-Y01_wbg		SCE	CM-2600d	------	1004031	1.23	31/01/2022 11:29:18	31/01/2022 10:54:13	Reflectance	di:8,de:8	SCI+SCE	SAV(3mm)	400nm cut	------	(None)	(None)	91,76	-0,97	1,11	1,47	131,09	0,00	0,00	0,00	0,00	28,34	46,87	69,47	80,12	82,02	80,65	80,26	80,75	80,99	81,29	81,48	81,35	80,88	80,49	80,34	80,04	79,40	79,22	78,94	78,88	79,20	79,79	80,38	81,47	82,24	83,51	84,69	85,98	87,27	88,39	89,14	89,83	90,40	90,86	91,12
    63 	y.035_CAL02-Y02_wbg		SCI	CM-2600d	------	1004031	1.23	31/01/2022 11:29:30	31/01/2022 10:54:13	Reflectance	di:8,de:8	SCI+SCE	SAV(3mm)	400nm cut	------	(None)	(None)	92,80	-2,27	9,94	10,20	102,87	0,00	0,00	0,00	0,00	31,40	46,64	63,28	70,24	70,71	69,58	70,01	72,37	75,19	78,02	80,31	82,35	83,19	83,69	83,92	83,83	83,53	83,45	83,21	83,28	83,72	84,13	84,79	85,82	86,55	87,96	88,99	90,27	91,55	92,73	93,38	94,05	94,59	95,09	95,34
    63 	y.035_CAL02-Y02_wbg		SCE	CM-2600d	------	1004031	1.23	31/01/2022 11:29:30	31/01/2022 10:54:13	Reflectance	di:8,de:8	SCI+SCE	SAV(3mm)	400nm cut	------	(None)	(None)	90,62	-2,34	10,66	10,92	102,38	0,00	0,00	0,00	0,00	25,94	41,23	57,93	64,96	65,49	64,43	64,89	67,34	70,19	73,06	75,38	77,44	78,29	78,81	79,05	78,98	78,68	78,62	78,40	78,51	78,98	79,43	80,14	81,19	81,96	83,43	84,50	85,81	87,12	88,32	88,99	89,67	90,22	90,73	90,98
    64 	y.036_CAL02-Y03_wbg		SCI	CM-2600d	------	1004031	1.23	31/01/2022 11:29:43	31/01/2022 10:54:13	Reflectance	di:8,de:8	SCI+SCE	SAV(3mm)	400nm cut	------	(None)	(None)	90,79	-2,70	21,09	21,26	97,29	0,00	0,00	0,00	0,00	28,45	39,10	50,05	53,22	52,65	51,71	52,67	56,23	61,02	66,21	70,92	75,32	77,89	79,61	80,56	80,93	80,85	81,03	81,46	81,85	82,41	82,93	83,53	84,47	85,32	86,47	87,55	88,77	89,91	91,15	91,72	92,33	92,88	93,40	93,63
    64 	y.036_CAL02-Y03_wbg		SCE	CM-2600d	------	1004031	1.23	31/01/2022 11:29:43	31/01/2022 10:54:13	Reflectance	di:8,de:8	SCI+SCE	SAV(3mm)	400nm cut	------	(None)	(None)	88,53	-2,78	22,61	22,78	97,01	0,00	0,00	0,00	0,00	23,06	33,72	44,70	47,91	47,38	46,46	47,48	51,10	55,94	61,18	65,93	70,37	72,97	74,71	75,70	76,08	76,03	76,24	76,69	77,11	77,68	78,24	78,87	79,85	80,75	81,94	83,03	84,28	85,45	86,74	87,34	87,99	88,55	89,07	89,31
    65 	y.037_CAL02-Y04_wbg		SCI	CM-2600d	------	1004031	1.23	31/01/2022 11:29:57	31/01/2022 10:54:13	Reflectance	di:8,de:8	SCI+SCE	SAV(3mm)	400nm cut	------	(None)	(None)	89,69	-2,51	32,74	32,84	94,38	0,00	0,00	0,00	0,00	24,82	31,87	38,65	39,72	38,95	38,19	39,57	43,71	49,65	56,34	62,81	69,46	74,00	77,11	79,15	80,39	80,92	81,57	81,86	82,21	82,91	83,57	84,22	85,27	86,06	87,34	88,39	89,71	91,01	92,05	92,90	93,50	94,12	94,62	94,90
    65 	y.037_CAL02-Y04_wbg		SCE	CM-2600d	------	1004031	1.23	31/01/2022 11:29:57	31/01/2022 10:54:13	Reflectance	di:8,de:8	SCI+SCE	SAV(3mm)	400nm cut	------	(None)	(None)	87,36	-2,56	35,34	35,43	94,14	0,00	0,00	0,00	0,00	19,29	26,37	33,19	34,31	33,59	32,86	34,29	38,48	44,48	51,21	57,73	64,42	69,00	72,14	74,23	75,49	76,05	76,75	77,06	77,45	78,17	78,87	79,54	80,64	81,47	82,78	83,86	85,22	86,53	87,63	88,50	89,15	89,79	90,31	90,61
    66 	y.038_CAL02-Y05_wbg		SCI	CM-2600d	------	1004031	1.23	31/01/2022 11:30:10	31/01/2022 10:54:13	Reflectance	di:8,de:8	SCI+SCE	SAV(3mm)	400nm cut	------	(None)	(None)	87,94	-1,35	43,23	43,25	91,79	0,00	0,00	0,00	0,00	21,22	25,44	29,00	29,06	27,97	27,50	28,84	32,91	39,25	46,64	54,32	62,30	68,31	72,86	75,88	77,82	78,89	79,85	80,74	81,29	82,12	82,74	83,58	84,66	85,48	86,77	87,94	89,14	90,53	91,55	92,49	93,16	93,79	94,32	94,63
    66 	y.038_CAL02-Y05_wbg		SCE	CM-2600d	------	1004031	1.23	31/01/2022 11:30:10	31/01/2022 10:54:13	Reflectance	di:8,de:8	SCI+SCE	SAV(3mm)	400nm cut	------	(None)	(None)	85,53	-1,31	47,06	47,08	91,60	0,00	0,00	0,00	0,00	15,81	20,05	23,66	23,75	22,72	22,28	23,63	27,76	34,11	41,53	49,25	57,27	63,30	67,89	70,94	72,92	74,02	75,02	75,95	76,54	77,40	78,06	78,94	80,05	80,92	82,23	83,44	84,67	86,09	87,13	88,09	88,78	89,43	89,96	90,29
    67 	y.039_CAL02-Y06_wbg		SCI	CM-2600d	------	1004031	1.23	31/01/2022 11:30:25	31/01/2022 10:54:13	Reflectance	di:8,de:8	SCI+SCE	SAV(3mm)	400nm cut	------	(None)	(None)	86,17	0,60	51,99	51,99	89,34	0,00	0,00	0,00	0,00	17,94	20,52	22,15	21,39	20,39	19,97	21,24	24,94	31,01	38,73	46,88	55,62	62,69	68,14	71,94	74,42	76,17	77,89	79,36	80,40	81,32	82,16	82,95	84,03	84,85	86,23	87,26	88,62	89,90	91,15	91,89	92,61	93,27	93,79	94,05
    67 	y.039_CAL02-Y06_wbg		SCE	CM-2600d	------	1004031	1.23	31/01/2022 11:30:25	31/01/2022 10:54:13	Reflectance	di:8,de:8	SCI+SCE	SAV(3mm)	400nm cut	------	(None)	(None)	83,71	0,75	57,33	57,34	89,25	0,00	0,00	0,00	0,00	12,75	15,33	16,97	16,21	15,24	14,83	16,13	19,84	25,95	33,71	41,89	50,66	57,76	63,23	67,07	69,59	71,39	73,14	74,65	75,74	76,68	77,57	78,39	79,51	80,36	81,77	82,84	84,22	85,53	86,79	87,54	88,28	88,94	89,46	89,73
    68 	y.040_CAL02-Y07_wbg		SCI	CM-2600d	------	1004031	1.23	31/01/2022 11:30:37	31/01/2022 10:54:13	Reflectance	di:8,de:8	SCI+SCE	SAV(3mm)	400nm cut	------	(None)	(None)	84,41	2,59	61,34	61,40	87,58	0,00	0,00	0,00	0,00	14,62	15,71	15,98	14,92	14,07	13,72	14,89	18,00	23,65	31,02	39,37	48,93	56,92	63,61	68,52	71,80	74,00	76,06	77,76	78,95	80,20	81,07	82,02	83,11	84,01	85,32	86,43	87,73	89,12	90,31	91,14	91,79	92,50	93,17	93,51
    68 	y.040_CAL02-Y07_wbg		SCE	CM-2600d	------	1004031	1.23	31/01/2022 11:30:37	31/01/2022 10:54:13	Reflectance	di:8,de:8	SCI+SCE	SAV(3mm)	400nm cut	------	(None)	(None)	81,80	2,84	69,42	69,48	87,66	0,00	0,00	0,00	0,00	9,17	10,29	10,60	9,58	8,77	8,47	9,65	12,82	18,50	25,89	34,27	43,87	51,89	58,60	63,54	66,87	69,10	71,19	72,93	74,16	75,45	76,36	77,35	78,47	79,42	80,77	81,92	83,24	84,66	85,89	86,73	87,41	88,14	88,82	89,16
    69 	y.041_CAL02-Y08_wbg		SCI	CM-2600d	------	1004031	1.23	31/01/2022 11:30:49	31/01/2022 10:54:13	Reflectance	di:8,de:8	SCI+SCE	SAV(3mm)	400nm cut	------	(None)	(None)	81,34	6,73	72,24	72,55	84,68	0,00	0,00	0,00	0,00	10,63	10,43	9,72	8,74	8,18	8,07	8,67	10,79	15,20	21,58	29,55	39,25	48,08	55,71	61,62	65,80	68,80	71,79	74,26	76,15	77,72	78,94	79,99	81,24	82,15	83,41	84,62	85,87	87,30	88,49	89,41	90,21	91,03	91,70	92,15
    69 	y.041_CAL02-Y08_wbg		SCE	CM-2600d	------	1004031	1.23	31/01/2022 11:30:49	31/01/2022 10:54:13	Reflectance	di:8,de:8	SCI+SCE	SAV(3mm)	400nm cut	------	(None)	(None)	78,57	7,28	85,94	86,25	85,16	0,00	0,00	0,00	0,00	5,33	5,15	4,45	3,50	2,97	2,87	3,50	5,64	10,08	16,48	24,47	34,20	43,04	50,69	56,64	60,86	63,91	66,96	69,46	71,39	73,01	74,27	75,34	76,63	77,59	78,87	80,11	81,38	82,85	84,06	85,01	85,84	86,67	87,36	87,82
    70 	y.042_CAL02-Y09_wbg		SCI	CM-2600d	------	1004031	1.23	31/01/2022 11:31:01	31/01/2022 10:54:13	Reflectance	di:8,de:8	SCI+SCE	SAV(3mm)	400nm cut	------	(None)	(None)	79,15	9,09	74,69	75,25	83,06	0,00	0,00	0,00	0,00	9,14	8,62	7,86	7,00	6,69	6,56	7,00	8,47	12,18	17,74	25,15	34,52	43,27	50,89	56,71	61,02	64,20	67,53	70,71	73,11	75,11	76,48	77,67	78,87	79,67	81,14	82,09	83,47	84,78	86,02	86,92	87,79	88,56	89,27	89,68
    70 	y.042_CAL02-Y09_wbg		SCE	CM-2600d	------	1004031	1.23	31/01/2022 11:31:01	31/01/2022 10:54:13	Reflectance	di:8,de:8	SCI+SCE	SAV(3mm)	400nm cut	------	(None)	(None)	76,17	9,83	92,77	93,29	83,95	0,00	0,00	0,00	0,00	3,66	3,17	2,45	1,63	1,36	1,27	1,72	3,22	6,95	12,53	19,95	29,34	38,12	45,76	51,62	55,96	59,19	62,56	65,79	68,23	70,27	71,69	72,92	74,15	75,01	76,49	77,48	78,88	80,24	81,51	82,42	83,30	84,08	84,79	85,23
    71 	y.043_CAL02-Y10_wbg		SCI	CM-2600d	------	1004031	1.23	31/01/2022 11:31:13	31/01/2022 10:54:13	Reflectance	di:8,de:8	SCI+SCE	SAV(3mm)	400nm cut	------	(None)	(None)	78,21	10,33	75,53	76,23	82,21	0,00	0,00	0,00	0,00	8,48	7,92	7,17	6,44	6,16	6,05	6,39	7,76	11,01	16,27	23,47	32,57	41,18	48,73	54,62	58,91	62,23	65,67	69,10	71,99	74,11	75,73	76,93	78,17	79,21	80,49	81,63	82,98	84,32	85,49	86,48	87,34	88,05	88,87	89,35
    71 	y.043_CAL02-Y10_wbg		SCE	CM-2600d	------	1004031	1.23	31/01/2022 11:31:13	31/01/2022 10:54:13	Reflectance	di:8,de:8	SCI+SCE	SAV(3mm)	400nm cut	------	(None)	(None)	75,22	11,15	95,05	95,70	83,31	0,00	0,00	0,00	0,00	3,14	2,61	1,89	1,19	0,94	0,86	1,22	2,61	5,87	11,15	18,35	27,49	36,11	43,69	49,60	53,93	57,29	60,78	64,25	67,19	69,34	71,00	72,23	73,51	74,60	75,91	77,08	78,45	79,82	81,02	82,04	82,93	83,65	84,50	84,99
    72 	y.044_CAL02-Y11_wbg		SCI	CM-2600d	------	1004031	1.23	31/01/2022 11:31:29	31/01/2022 10:54:13	Reflectance	di:8,de:8	SCI+SCE	SAV(3mm)	400nm cut	------	(None)	(None)	77,91	11,24	75,85	76,67	81,57	0,00	0,00	0,00	0,00	8,27	7,70	6,93	6,25	6,00	5,90	6,22	7,41	10,61	15,94	22,86	31,92	40,31	47,85	53,64	57,83	61,25	64,97	68,68	71,68	74,22	76,09	77,49	78,87	79,92	81,33	82,32	83,86	85,30	86,47	87,49	88,34	89,12	89,91	90,49
    72 	y.044_CAL02-Y11_wbg		SCE	CM-2600d	------	1004031	1.23	31/01/2022 11:31:29	31/01/2022 10:54:13	Reflectance	di:8,de:8	SCI+SCE	SAV(3mm)	400nm cut	------	(None)	(None)	74,88	12,14	96,34	97,10	82,82	0,00	0,00	0,00	0,00	2,92	2,36	1,62	0,97	0,75	0,68	1,02	2,23	5,46	10,80	17,74	26,81	35,21	42,77	48,60	52,82	56,28	60,05	63,80	66,85	69,44	71,36	72,80	74,23	75,33	76,77	77,79	79,37	80,83	82,03	83,07	83,95	84,75	85,55	86,16
    73 	w.004_CAL02-GS01_wbg		SCI	CM-2600d	------	1004031	1.23	31/01/2022 11:31:55	31/01/2022 10:54:13	Reflectance	di:8,de:8	SCI+SCE	SAV(3mm)	400nm cut	------	(None)	(None)	94,23	-0,39	-2,36	2,39	260,57	0,00	0,00	0,00	0,00	34,57	54,68	79,20	90,76	93,44	91,94	91,08	90,99	89,93	88,94	88,20	87,57	86,66	85,99	85,52	85,00	84,41	84,08	83,76	83,66	84,02	84,48	85,02	86,06	86,81	88,12	89,26	90,43	91,87	92,88	93,53	94,23	94,75	95,29	95,46
    73 	w.004_CAL02-GS01_wbg		SCE	CM-2600d	------	1004031	1.23	31/01/2022 11:31:55	31/01/2022 10:54:13	Reflectance	di:8,de:8	SCI+SCE	SAV(3mm)	400nm cut	------	(None)	(None)	92,14	-0,37	-2,26	2,29	260,59	0,00	0,00	0,00	0,00	29,25	49,40	73,99	85,61	88,35	86,90	86,10	86,04	85,02	84,05	83,34	82,72	81,82	81,16	80,71	80,20	79,62	79,32	79,03	78,95	79,33	79,82	80,39	81,47	82,27	83,61	84,78	85,98	87,45	88,50	89,17	89,88	90,43	90,97	91,15
    74 	gy.010_CAL02-GS02_wbg		SCI	CM-2600d	------	1004031	1.23	31/01/2022 11:32:06	31/01/2022 10:54:13	Reflectance	di:8,de:8	SCI+SCE	SAV(3mm)	400nm cut	------	(None)	(None)	76,93	-1,74	1,69	2,42	135,76	0,00	0,00	0,00	0,00	27,23	36,70	46,96	50,17	49,91	48,86	49,33	51,57	54,00	55,69	55,74	54,81	53,12	51,36	49,78	48,49	48,35	49,79	51,74	52,84	52,81	52,05	51,29	50,67	49,87	49,94	50,60	52,98	56,79	61,66	66,79	71,56	75,99	79,97	83,51
    74 	gy.010_CAL02-GS02_wbg		SCE	CM-2600d	------	1004031	1.23	31/01/2022 11:32:06	31/01/2022 10:54:13	Reflectance	di:8,de:8	SCI+SCE	SAV(3mm)	400nm cut	------	(None)	(None)	73,69	-1,84	2,00	2,71	132,54	0,00	0,00	0,00	0,00	21,67	31,17	41,48	44,74	44,52	43,52	44,01	46,30	48,75	50,46	50,53	49,60	47,91	46,14	44,57	43,28	43,15	44,60	46,57	47,69	47,68	46,95	46,22	45,62	44,86	44,96	45,66	48,08	51,94	56,88	62,07	66,90	71,38	75,40	78,99
    75 	gy.011_CAL02-GS03_wbg		SCI	CM-2600d	------	1004031	1.23	31/01/2022 11:32:17	31/01/2022 10:54:13	Reflectance	di:8,de:8	SCI+SCE	SAV(3mm)	400nm cut	------	(None)	(None)	53,13	-2,36	1,29	2,68	151,38	0,00	0,00	0,00	0,00	16,14	18,62	20,60	20,35	19,48	18,87	19,58	21,59	23,95	25,53	25,40	24,08	22,29	20,77	19,44	18,53	18,56	19,96	21,89	22,89	22,33	21,29	20,52	19,95	19,23	19,05	19,51	21,38	25,01	29,87	35,91	42,06	48,50	54,72	61,43
    75 	gy.011_CAL02-GS03_wbg		SCE	CM-2600d	------	1004031	1.23	31/01/2022 11:32:17	31/01/2022 10:54:13	Reflectance	di:8,de:8	SCI+SCE	SAV(3mm)	400nm cut	------	(None)	(None)	46,83	-2,84	1,71	3,32	149,03	0,00	0,00	0,00	0,00	10,64	13,14	15,16	14,95	14,12	13,54	14,27	16,31	18,68	20,26	20,14	18,81	17,02	15,48	14,15	13,24	13,26	14,66	16,61	17,62	17,07	16,05	15,30	14,75	14,05	13,90	14,40	16,31	19,99	24,91	31,01	37,22	43,71	49,98	56,73
    76 	gy.012_CAL02-GS04_wbg		SCI	CM-2600d	------	1004031	1.23	31/01/2022 11:32:28	31/01/2022 10:54:13	Reflectance	di:8,de:8	SCI+SCE	SAV(3mm)	400nm cut	------	(None)	(None)	30,89	-0,38	0,64	0,74	120,87	0,00	0,00	0,00	0,00	7,27	7,09	6,80	6,31	5,96	5,80	6,05	6,73	7,73	8,38	8,16	7,37	6,60	6,15	5,87	5,68	5,69	6,19	6,97	7,37	7,12	6,72	6,58	6,60	6,51	6,56	6,84	7,61	9,38	12,15	16,10	20,80	26,44	32,42	39,57
    76 	gy.012_CAL02-GS04_wbg		SCE	CM-2600d	------	1004031	1.23	31/01/2022 11:32:28	31/01/2022 10:54:13	Reflectance	di:8,de:8	SCI+SCE	SAV(3mm)	400nm cut	------	(None)	(None)	14,59	-1,29	0,28	1,32	167,92	0,00	0,00	0,00	0,00	2,58	2,41	2,13	1,65	1,31	1,16	1,42	2,09	3,10	3,73	3,49	2,67	1,88	1,40	1,10	0,89	0,88	1,37	2,13	2,53	2,27	1,88	1,74	1,77	1,68	1,75	2,05	2,85	4,66	7,47	11,46	16,22	21,91	27,92	35,10
    77 	k.007_CAL02-GS05_wbg		SCI	CM-2600d	------	1004031	1.23	31/01/2022 11:32:42	31/01/2022 10:54:13	Reflectance	di:8,de:8	SCI+SCE	SAV(3mm)	400nm cut	------	(None)	(None)	27,92	-0,16	-0,78	0,79	258,34	0,00	0,00	0,00	0,00	6,39	6,10	5,85	5,53	5,35	5,29	5,35	5,71	6,24	6,55	6,33	5,80	5,37	5,15	5,07	4,99	4,96	5,18	5,55	5,74	5,55	5,34	5,30	5,37	5,34	5,42	5,54	6,05	7,09	8,86	11,76	15,60	20,44	25,97	32,89
    77 	k.007_CAL02-GS05_wbg		SCE	CM-2600d	------	1004031	1.23	31/01/2022 11:32:42	31/01/2022 10:54:13	Reflectance	di:8,de:8	SCI+SCE	SAV(3mm)	400nm cut	------	(None)	(None)	2,62	-1,96	-2,22	2,96	228,56	0,00	0,00	0,00	0,00	1,12	0,85	0,63	0,33	0,17	0,13	0,21	0,58	1,12	1,43	1,19	0,64	0,20	0,01	0,01	0,01	0,01	0,01	0,30	0,49	0,30	0,11	0,08	0,16	0,15	0,26	0,41	0,95	2,03	3,86	6,80	10,70	15,60	21,16	28,12
    78 	k.008_CAL02-GS06_wbg		SCI	CM-2600d	------	1004031	1.23	31/01/2022 11:32:54	31/01/2022 10:54:13	Reflectance	di:8,de:8	SCI+SCE	SAV(3mm)	400nm cut	------	(None)	(None)	27,99	-0,18	-1,11	1,13	260,93	0,00	0,00	0,00	0,00	6,50	6,24	5,99	5,65	5,46	5,36	5,43	5,82	6,36	6,67	6,42	5,84	5,41	5,17	5,08	4,99	4,97	5,18	5,56	5,74	5,57	5,36	5,29	5,36	5,33	5,43	5,53	6,08	7,05	8,89	11,83	15,62	20,51	25,99	32,95
    78 	k.008_CAL02-GS06_wbg		SCE	CM-2600d	------	1004031	1.23	31/01/2022 11:32:54	31/01/2022 10:54:13	Reflectance	di:8,de:8	SCI+SCE	SAV(3mm)	400nm cut	------	(None)	(None)	3,15	-1,71	-3,44	3,84	243,63	0,00	0,00	0,00	0,00	1,25	1,01	0,79	0,48	0,31	0,24	0,33	0,73	1,29	1,59	1,34	0,75	0,29	0,04	0,01	0,01	0,01	0,01	0,38	0,55	0,39	0,18	0,13	0,21	0,20	0,33	0,47	1,04	2,06	3,95	6,94	10,79	15,72	21,26	28,25
