	Data Name	Data Comment	Group Traits	Instrument Name	Variation	Serial No.	Firmware Version	Timestamp	Calibrated Date	Measurement Type	Geometry	Specular Component	Measurement Area	UV Setting	Observer	Illuminant 1	Illuminant 2	L*(D65)	a*(D65)	b*(D65)	C*(D65)	h(D65)	360nm	370nm	380nm	390nm	400nm	410nm	420nm	430nm	440nm	450nm	460nm	470nm	480nm	490nm	500nm	510nm	520nm	530nm	540nm	550nm	560nm	570nm	580nm	590nm	600nm	610nm	620nm	630nm	640nm	650nm	660nm	670nm	680nm	690nm	700nm	710nm	720nm	730nm	740nm
     1 	b.061_BW1-A_wbg		SCI	CM-2600d	------	1004031	1.23	2/1/2022 10:22:17 AM	2/1/2022 10:20:48 AM	Reflectance	di:8,de:8	SCI+SCE	SAV(3mm)	400nm cut	------	(None)	(None)	51,69	-9,42	-10,94	14,44	229,27	0,00	0,00	0,00	0,00	22,92	24,53	25,29	25,70	25,77	26,02	26,35	26,58	26,75	26,74	26,17	25,39	24,18	22,75	21,22	19,62	18,23	17,01	15,80	14,83	13,97	13,49	13,21	13,48	14,40	15,97	18,30	21,54	25,64	30,69	36,92	43,43	50,58	57,08	63,63
     1 	b.061_BW1-A_wbg		SCE	CM-2600d	------	1004031	1.23	2/1/2022 10:22:17 AM	2/1/2022 10:20:48 AM	Reflectance	di:8,de:8	SCI+SCE	SAV(3mm)	400nm cut	------	(None)	(None)	51,97	-9,37	-10,76	14,27	228,97	0,00	0,00	0,00	0,00	23,15	24,74	25,49	25,89	25,96	26,19	26,53	26,76	26,95	26,95	26,39	25,63	24,43	23,00	21,49	19,89	18,50	17,27	16,06	15,09	14,22	13,74	13,46	13,73	14,66	16,25	18,60	21,85	25,96	31,04	37,28	43,81	50,96	57,47	64,02
     2 	b.062_BW1-A_wbg		SCI	CM-2600d	------	1004031	1.23	2/1/2022 10:22:32 AM	2/1/2022 10:20:48 AM	Reflectance	di:8,de:8	SCI+SCE	SAV(3mm)	400nm cut	------	(None)	(None)	53,16	-9,66	-10,61	14,35	227,67	0,00	0,00	0,00	0,00	24,03	25,65	26,54	26,93	27,13	27,38	27,77	28,05	28,26	28,19	27,69	26,95	25,74	24,25	22,69	21,01	19,57	18,26	16,99	15,94	15,02	14,50	14,19	14,47	15,40	17,04	19,42	22,59	26,78	31,73	37,94	44,29	51,34	57,78	64,21
     2 	b.062_BW1-A_wbg		SCE	CM-2600d	------	1004031	1.23	2/1/2022 10:22:32 AM	2/1/2022 10:20:48 AM	Reflectance	di:8,de:8	SCI+SCE	SAV(3mm)	400nm cut	------	(None)	(None)	53,43	-9,63	-10,40	14,18	227,20	0,00	0,00	0,00	0,00	24,16	25,78	26,68	27,08	27,28	27,54	27,93	28,24	28,46	28,40	27,91	27,19	25,99	24,51	22,96	21,28	19,83	18,53	17,25	16,19	15,27	14,75	14,43	14,72	15,66	17,32	19,72	22,90	27,11	32,08	38,30	44,68	51,73	58,19	64,63
     3 	b.063_BW1-A_wbg		SCI	CM-2600d	------	1004031	1.23	2/1/2022 10:22:48 AM	2/1/2022 10:20:48 AM	Reflectance	di:8,de:8	SCI+SCE	SAV(3mm)	400nm cut	------	(None)	(None)	51,47	-9,67	-11,23	14,81	229,27	0,00	0,00	0,00	0,00	23,01	24,45	25,27	25,64	25,72	25,95	26,30	26,53	26,70	26,63	26,15	25,30	24,10	22,61	21,04	19,42	18,02	16,74	15,55	14,55	13,65	13,19	12,89	13,20	14,11	15,72	18,00	21,25	25,35	30,48	36,79	43,35	50,57	57,20	63,80
     3 	b.063_BW1-A_wbg		SCE	CM-2600d	------	1004031	1.23	2/1/2022 10:22:48 AM	2/1/2022 10:20:48 AM	Reflectance	di:8,de:8	SCI+SCE	SAV(3mm)	400nm cut	------	(None)	(None)	51,75	-9,62	-11,02	14,63	228,88	0,00	0,00	0,00	0,00	23,15	24,60	25,42	25,80	25,88	26,13	26,46	26,72	26,89	26,84	26,37	25,53	24,34	22,86	21,30	19,70	18,29	17,00	15,81	14,80	13,90	13,43	13,14	13,44	14,35	15,98	18,29	21,54	25,67	30,81	37,14	43,70	50,94	57,57	64,17
     4 	b.064_BW2-A_wbg		SCI	CM-2600d	------	1004031	1.23	2/1/2022 10:23:30 AM	2/1/2022 10:20:48 AM	Reflectance	di:8,de:8	SCI+SCE	SAV(3mm)	400nm cut	------	(None)	(None)	47,99	-10,75	-26,50	28,59	247,91	0,00	0,00	0,00	0,00	27,47	29,92	32,21	33,25	33,35	32,99	32,21	31,60	30,67	29,46	27,76	25,41	22,85	20,17	17,51	14,99	12,97	11,37	10,11	9,19	8,50	8,16	7,90	7,96	8,38	9,19	10,40	12,32	14,92	18,44	23,21	29,04	36,41	44,12	53,10
     4 	b.064_BW2-A_wbg		SCE	CM-2600d	------	1004031	1.23	2/1/2022 10:23:30 AM	2/1/2022 10:20:48 AM	Reflectance	di:8,de:8	SCI+SCE	SAV(3mm)	400nm cut	------	(None)	(None)	48,15	-10,76	-26,29	28,41	247,74	0,00	0,00	0,00	0,00	27,47	29,93	32,23	33,28	33,39	33,03	32,25	31,66	30,74	29,54	27,86	25,52	22,97	20,31	17,65	15,14	13,11	11,51	10,24	9,33	8,62	8,28	8,02	8,07	8,49	9,31	10,54	12,47	15,08	18,63	23,41	29,26	36,65	44,36	53,35
     5 	b.065_BW2-A_wbg		SCI	CM-2600d	------	1004031	1.23	2/1/2022 10:23:46 AM	2/1/2022 10:20:48 AM	Reflectance	di:8,de:8	SCI+SCE	SAV(3mm)	400nm cut	------	(None)	(None)	48,03	-10,79	-26,40	28,52	247,76	0,00	0,00	0,00	0,00	27,34	30,04	32,17	33,33	33,29	32,84	32,29	31,58	30,62	29,48	27,69	25,48	22,92	20,16	17,55	15,06	13,03	11,42	10,14	9,23	8,53	8,18	7,90	7,96	8,39	9,16	10,49	12,23	14,87	18,36	23,08	28,83	36,12	43,77	52,80
     5 	b.065_BW2-A_wbg		SCE	CM-2600d	------	1004031	1.23	2/1/2022 10:23:46 AM	2/1/2022 10:20:48 AM	Reflectance	di:8,de:8	SCI+SCE	SAV(3mm)	400nm cut	------	(None)	(None)	48,18	-10,82	-26,20	28,35	247,57	0,00	0,00	0,00	0,00	27,36	30,06	32,20	33,36	33,32	32,88	32,33	31,65	30,69	29,57	27,80	25,60	23,04	20,30	17,69	15,21	13,17	11,55	10,27	9,35	8,64	8,30	8,01	8,08	8,50	9,28	10,63	12,38	15,03	18,53	23,28	29,05	36,35	44,02	53,07
     6 	b.066_BW2-A_wbg		SCI	CM-2600d	------	1004031	1.23	2/1/2022 10:24:05 AM	2/1/2022 10:20:48 AM	Reflectance	di:8,de:8	SCI+SCE	SAV(3mm)	400nm cut	------	(None)	(None)	48,22	-10,86	-26,45	28,60	247,69	0,00	0,00	0,00	0,00	27,53	30,25	32,37	33,55	33,58	33,27	32,42	31,87	30,99	29,76	27,98	25,72	23,10	20,39	17,71	15,17	13,13	11,52	10,24	9,31	8,61	8,25	8,00	8,05	8,46	9,28	10,51	12,48	15,04	18,64	23,39	29,27	36,60	44,36	53,38
     6 	b.066_BW2-A_wbg		SCE	CM-2600d	------	1004031	1.23	2/1/2022 10:24:05 AM	2/1/2022 10:20:48 AM	Reflectance	di:8,de:8	SCI+SCE	SAV(3mm)	400nm cut	------	(None)	(None)	48,38	-10,85	-26,27	28,42	247,55	0,00	0,00	0,00	0,00	27,57	30,29	32,41	33,60	33,63	33,32	32,47	31,94	31,05	29,85	28,08	25,82	23,22	20,52	17,85	15,32	13,28	11,66	10,37	9,43	8,73	8,36	8,11	8,17	8,57	9,40	10,65	12,63	15,21	18,82	23,59	29,49	36,84	44,62	53,65
     7 	b.067_BW3-A_wbg		SCI	CM-2600d	------	1004031	1.23	2/1/2022 10:25:06 AM	2/1/2022 10:20:48 AM	Reflectance	di:8,de:8	SCI+SCE	SAV(3mm)	400nm cut	------	(None)	(None)	34,12	6,08	-43,14	43,57	278,03	0,00	0,00	0,00	0,00	17,99	20,65	23,96	27,32	29,53	30,26	29,54	27,53	24,49	20,96	17,09	13,09	9,86	7,27	5,45	4,24	3,60	3,26	3,10	3,04	3,09	3,35	3,89	4,80	6,12	7,82	9,98	12,73	16,10	19,98	24,92	30,31	36,85	43,58	51,46
     7 	b.067_BW3-A_wbg		SCE	CM-2600d	------	1004031	1.23	2/1/2022 10:25:06 AM	2/1/2022 10:20:48 AM	Reflectance	di:8,de:8	SCI+SCE	SAV(3mm)	400nm cut	------	(None)	(None)	34,28	6,06	-43,08	43,51	278,01	0,00	0,00	0,00	0,00	18,09	20,76	24,09	27,45	29,67	30,41	29,67	27,67	24,61	21,08	17,21	13,18	9,95	7,35	5,52	4,30	3,66	3,31	3,14	3,09	3,14	3,41	3,96	4,88	6,21	7,93	10,11	12,87	16,27	20,17	25,12	30,52	37,07	43,82	51,69
     8 	b.068_BW3-A_wbg		SCI	CM-2600d	------	1004031	1.23	2/1/2022 10:25:20 AM	2/1/2022 10:20:48 AM	Reflectance	di:8,de:8	SCI+SCE	SAV(3mm)	400nm cut	------	(None)	(None)	33,64	6,53	-43,34	43,83	278,57	0,00	0,00	0,00	0,00	17,77	20,35	23,60	26,98	29,16	29,87	29,12	27,09	24,01	20,48	16,66	12,67	9,48	6,98	5,22	4,07	3,48	3,16	3,00	2,95	3,02	3,25	3,76	4,62	5,88	7,51	9,61	12,31	15,55	19,43	24,29	29,71	36,15	42,95	50,99
     8 	b.068_BW3-A_wbg		SCE	CM-2600d	------	1004031	1.23	2/1/2022 10:25:20 AM	2/1/2022 10:20:48 AM	Reflectance	di:8,de:8	SCI+SCE	SAV(3mm)	400nm cut	------	(None)	(None)	33,77	6,50	-43,30	43,79	278,54	0,00	0,00	0,00	0,00	17,87	20,45	23,71	27,10	29,28	30,00	29,24	27,21	24,13	20,60	16,77	12,76	9,56	7,04	5,27	4,12	3,52	3,20	3,04	2,98	3,05	3,30	3,81	4,68	5,96	7,60	9,72	12,45	15,71	19,61	24,49	29,94	36,39	43,21	51,26
     9 	b.069_BW3-A_wbg		SCI	CM-2600d	------	1004031	1.23	2/1/2022 10:25:34 AM	2/1/2022 10:20:48 AM	Reflectance	di:8,de:8	SCI+SCE	SAV(3mm)	400nm cut	------	(None)	(None)	33,70	6,63	-42,98	43,49	278,77	0,00	0,00	0,00	0,00	17,86	20,37	23,48	26,79	28,98	29,72	28,94	26,93	23,87	20,32	16,49	12,60	9,50	6,99	5,27	4,16	3,56	3,26	3,09	3,04	3,09	3,36	3,87	4,72	6,00	7,64	9,79	12,38	15,62	19,51	24,39	29,77	36,39	43,19	51,24
     9 	b.069_BW3-A_wbg		SCE	CM-2600d	------	1004031	1.23	2/1/2022 10:25:34 AM	2/1/2022 10:20:48 AM	Reflectance	di:8,de:8	SCI+SCE	SAV(3mm)	400nm cut	------	(None)	(None)	33,86	6,59	-42,96	43,46	278,72	0,00	0,00	0,00	0,00	17,98	20,50	23,62	26,94	29,15	29,89	29,10	27,09	24,01	20,47	16,62	12,71	9,59	7,07	5,34	4,22	3,61	3,30	3,13	3,08	3,13	3,41	3,92	4,79	6,09	7,74	9,93	12,54	15,80	19,73	24,64	30,05	36,68	43,49	51,55
    10 	b.070_BW4-A_wbg		SCI	CM-2600d	------	1004031	1.23	2/1/2022 10:26:22 AM	2/1/2022 10:20:48 AM	Reflectance	di:8,de:8	SCI+SCE	SAV(3mm)	400nm cut	------	(None)	(None)	36,26	-6,26	-29,71	30,36	258,10	0,00	0,00	0,00	0,00	17,44	18,61	19,56	20,59	21,73	22,85	23,20	22,44	21,08	19,52	17,51	15,11	12,68	10,40	8,52	6,94	5,68	4,70	4,00	3,67	3,65	3,87	4,28	4,94	5,98	7,33	9,04	11,09	13,31	15,84	18,88	22,04	25,84	29,81	34,86
    10 	b.070_BW4-A_wbg		SCE	CM-2600d	------	1004031	1.23	2/1/2022 10:26:22 AM	2/1/2022 10:20:48 AM	Reflectance	di:8,de:8	SCI+SCE	SAV(3mm)	400nm cut	------	(None)	(None)	36,41	-6,29	-29,68	30,34	258,04	0,00	0,00	0,00	0,00	17,53	18,71	19,67	20,70	21,86	22,99	23,32	22,58	21,20	19,64	17,64	15,22	12,78	10,49	8,60	7,02	5,75	4,75	4,05	3,72	3,70	3,92	4,32	5,00	6,05	7,40	9,15	11,20	13,45	16,00	19,07	22,24	26,06	30,05	35,10
    11 	b.071_BW4-A_wbg		SCI	CM-2600d	------	1004031	1.23	2/1/2022 10:26:38 AM	2/1/2022 10:20:48 AM	Reflectance	di:8,de:8	SCI+SCE	SAV(3mm)	400nm cut	------	(None)	(None)	36,26	-6,21	-29,53	30,17	258,12	0,00	0,00	0,00	0,00	17,37	18,55	19,50	20,48	21,64	22,77	23,10	22,31	20,96	19,42	17,46	15,06	12,67	10,41	8,55	6,95	5,72	4,71	4,01	3,70	3,68	3,91	4,32	5,01	6,03	7,40	9,11	11,07	13,43	15,89	18,96	22,12	25,88	29,88	34,93
    11 	b.071_BW4-A_wbg		SCE	CM-2600d	------	1004031	1.23	2/1/2022 10:26:38 AM	2/1/2022 10:20:48 AM	Reflectance	di:8,de:8	SCI+SCE	SAV(3mm)	400nm cut	------	(None)	(None)	36,41	-6,20	-29,49	30,14	258,13	0,00	0,00	0,00	0,00	17,48	18,66	19,62	20,60	21,76	22,90	23,22	22,44	21,09	19,54	17,58	15,16	12,76	10,50	8,63	7,03	5,78	4,77	4,06	3,76	3,73	3,97	4,38	5,09	6,11	7,49	9,22	11,19	13,57	16,05	19,14	22,32	26,11	30,12	35,17
    12 	b.072_BW4-A_wbg		SCI	CM-2600d	------	1004031	1.23	2/1/2022 10:26:52 AM	2/1/2022 10:20:48 AM	Reflectance	di:8,de:8	SCI+SCE	SAV(3mm)	400nm cut	------	(None)	(None)	36,10	-6,18	-29,43	30,07	258,15	0,00	0,00	0,00	0,00	17,22	18,37	19,30	20,34	21,45	22,55	22,84	22,13	20,79	19,25	17,29	14,92	12,54	10,32	8,47	6,89	5,65	4,68	3,99	3,67	3,66	3,89	4,27	4,96	6,00	7,30	9,02	10,95	13,27	15,73	18,78	21,84	25,54	29,50	34,41
    12 	b.072_BW4-A_wbg		SCE	CM-2600d	------	1004031	1.23	2/1/2022 10:26:52 AM	2/1/2022 10:20:48 AM	Reflectance	di:8,de:8	SCI+SCE	SAV(3mm)	400nm cut	------	(None)	(None)	36,25	-6,21	-29,39	30,04	258,08	0,00	0,00	0,00	0,00	17,30	18,46	19,40	20,45	21,57	22,68	22,96	22,26	20,91	19,37	17,40	15,03	12,64	10,42	8,55	6,97	5,72	4,73	4,04	3,71	3,71	3,94	4,33	5,01	6,06	7,39	9,12	11,07	13,40	15,89	18,95	22,03	25,75	29,73	34,63
    13 	b.073_BW5-A_wbg		SCI	CM-2600d	------	1004031	1.23	2/1/2022 10:27:39 AM	2/1/2022 10:20:48 AM	Reflectance	di:8,de:8	SCI+SCE	SAV(3mm)	400nm cut	------	(None)	(None)	35,56	3,79	-36,33	36,53	275,96	0,00	0,00	0,00	0,00	12,12	13,79	16,77	22,03	27,58	29,59	28,18	25,15	21,56	18,18	15,29	12,70	10,45	8,56	7,34	6,38	5,45	4,64	4,28	4,33	4,41	4,30	4,12	4,39	5,59	8,14	12,95	19,96	29,01	38,78	48,29	56,10	63,02	68,78	74,28
    13 	b.073_BW5-A_wbg		SCE	CM-2600d	------	1004031	1.23	2/1/2022 10:27:39 AM	2/1/2022 10:20:48 AM	Reflectance	di:8,de:8	SCI+SCE	SAV(3mm)	400nm cut	------	(None)	(None)	35,73	3,77	-36,27	36,47	275,93	0,00	0,00	0,00	0,00	12,23	13,90	16,89	22,16	27,72	29,73	28,33	25,29	21,71	18,32	15,42	12,81	10,55	8,65	7,42	6,45	5,52	4,70	4,34	4,39	4,46	4,36	4,19	4,47	5,70	8,30	13,17	20,22	29,33	39,16	48,71	56,56	63,52	69,31	74,81
    14 	b.074_BW5-A_wbg		SCI	CM-2600d	------	1004031	1.23	2/1/2022 10:27:54 AM	2/1/2022 10:20:48 AM	Reflectance	di:8,de:8	SCI+SCE	SAV(3mm)	400nm cut	------	(None)	(None)	35,16	3,91	-36,60	36,81	276,10	0,00	0,00	0,00	0,00	11,78	13,52	16,38	21,77	27,31	29,44	27,96	24,89	21,31	17,91	15,06	12,44	10,22	8,33	7,13	6,18	5,27	4,50	4,10	4,17	4,25	4,16	3,97	4,24	5,37	7,85	12,52	19,33	28,26	37,96	47,51	55,38	62,33	68,11	73,70
    14 	b.074_BW5-A_wbg		SCE	CM-2600d	------	1004031	1.23	2/1/2022 10:27:54 AM	2/1/2022 10:20:48 AM	Reflectance	di:8,de:8	SCI+SCE	SAV(3mm)	400nm cut	------	(None)	(None)	35,34	3,87	-36,53	36,74	276,04	0,00	0,00	0,00	0,00	11,87	13,62	16,50	21,90	27,45	29,59	28,12	25,05	21,46	18,05	15,19	12,56	10,33	8,43	7,22	6,26	5,34	4,56	4,16	4,23	4,30	4,22	4,04	4,33	5,49	8,00	12,73	19,58	28,57	38,31	47,91	55,82	62,80	68,59	74,19
    15 	b.075_BW5-A_wbg		SCI	CM-2600d	------	1004031	1.23	2/1/2022 10:28:10 AM	2/1/2022 10:20:48 AM	Reflectance	di:8,de:8	SCI+SCE	SAV(3mm)	400nm cut	------	(None)	(None)	35,18	4,04	-35,98	36,20	276,41	0,00	0,00	0,00	0,00	11,92	13,49	16,26	21,52	26,92	28,97	27,54	24,51	20,99	17,66	14,85	12,32	10,16	8,35	7,17	6,24	5,36	4,60	4,23	4,30	4,37	4,29	4,12	4,39	5,55	8,06	12,66	19,61	28,31	37,96	47,38	55,17	62,12	67,97	73,56
    15 	b.075_BW5-A_wbg		SCE	CM-2600d	------	1004031	1.23	2/1/2022 10:28:10 AM	2/1/2022 10:20:48 AM	Reflectance	di:8,de:8	SCI+SCE	SAV(3mm)	400nm cut	------	(None)	(None)	35,36	4,04	-35,93	36,16	276,41	0,00	0,00	0,00	0,00	12,02	13,61	16,40	21,67	27,08	29,14	27,70	24,67	21,14	17,80	14,98	12,43	10,26	8,44	7,26	6,32	5,43	4,66	4,30	4,36	4,43	4,35	4,19	4,49	5,68	8,22	12,88	19,87	28,61	38,31	47,77	55,58	62,56	68,42	74,01
    16 	b.076_BW1-D_wbg		SCI	CM-2600d	------	1004031	1.23	2/1/2022 10:29:30 AM	2/1/2022 10:20:48 AM	Reflectance	di:8,de:8	SCI+SCE	SAV(3mm)	400nm cut	------	(None)	(None)	41,91	-3,52	-38,35	38,51	264,76	0,00	0,00	0,00	0,00	23,65	27,80	31,09	33,40	34,68	35,33	34,83	33,43	31,07	28,04	24,39	20,40	17,00	13,71	11,04	8,82	7,18	6,15	5,47	5,00	4,54	4,29	4,25	4,95	6,88	10,34	15,64	22,75	31,53	42,13	54,06	64,54	73,10	78,52	82,40
    16 	b.076_BW1-D_wbg		SCE	CM-2600d	------	1004031	1.23	2/1/2022 10:29:30 AM	2/1/2022 10:20:48 AM	Reflectance	di:8,de:8	SCI+SCE	SAV(3mm)	400nm cut	------	(None)	(None)	41,99	-3,56	-37,67	37,84	264,60	0,00	0,00	0,00	0,00	23,35	27,47	30,72	33,00	34,26	34,90	34,41	33,06	30,75	27,80	24,24	20,32	17,00	13,77	11,15	8,96	7,34	6,32	5,63	5,16	4,70	4,45	4,41	5,11	7,04	10,52	15,83	22,93	31,70	42,30	54,20	64,66	73,21	78,62	82,46
    17 	b.077_BW1-D_wbg		SCI	CM-2600d	------	1004031	1.23	2/1/2022 10:29:48 AM	2/1/2022 10:20:48 AM	Reflectance	di:8,de:8	SCI+SCE	SAV(3mm)	400nm cut	------	(None)	(None)	41,96	-3,23	-38,79	38,92	265,24	0,00	0,00	0,00	0,00	24,18	28,22	31,65	33,72	35,14	35,68	35,24	33,86	31,40	28,29	24,55	20,47	16,98	13,77	11,00	8,74	7,14	6,11	5,44	4,99	4,53	4,29	4,26	4,98	6,92	10,45	15,86	23,16	32,23	43,20	55,43	65,98	74,37	79,63	83,35
    17 	b.077_BW1-D_wbg		SCE	CM-2600d	------	1004031	1.23	2/1/2022 10:29:48 AM	2/1/2022 10:20:48 AM	Reflectance	di:8,de:8	SCI+SCE	SAV(3mm)	400nm cut	------	(None)	(None)	42,05	-3,30	-38,06	38,20	265,05	0,00	0,00	0,00	0,00	23,88	27,89	31,26	33,29	34,69	35,21	34,77	33,45	31,06	28,04	24,38	20,39	16,98	13,84	11,12	8,90	7,31	6,28	5,61	5,15	4,69	4,46	4,42	5,15	7,09	10,64	16,05	23,35	32,41	43,36	55,58	66,11	74,47	79,72	83,41
    18 	b.078_BW1-D_wbg		SCI	CM-2600d	------	1004031	1.23	2/1/2022 10:30:06 AM	2/1/2022 10:20:48 AM	Reflectance	di:8,de:8	SCI+SCE	SAV(3mm)	400nm cut	------	(None)	(None)	42,21	-3,61	-38,44	38,61	264,64	0,00	0,00	0,00	0,00	24,26	28,42	31,77	33,80	35,13	35,72	35,33	33,77	31,51	28,44	24,74	20,79	17,25	14,02	11,25	8,93	7,30	6,23	5,55	5,07	4,58	4,34	4,29	5,04	7,02	10,64	16,10	23,39	32,43	43,16	55,17	65,61	73,94	79,18	82,86
    18 	b.078_BW1-D_wbg		SCE	CM-2600d	------	1004031	1.23	2/1/2022 10:30:06 AM	2/1/2022 10:20:48 AM	Reflectance	di:8,de:8	SCI+SCE	SAV(3mm)	400nm cut	------	(None)	(None)	42,27	-3,62	-37,72	37,90	264,52	0,00	0,00	0,00	0,00	23,95	28,06	31,37	33,35	34,65	35,23	34,84	33,33	31,13	28,16	24,54	20,67	17,22	14,06	11,35	9,08	7,46	6,39	5,72	5,23	4,75	4,51	4,47	5,22	7,20	10,82	16,28	23,55	32,58	43,29	55,27	65,68	73,98	79,20	82,84
    19 	b.079_BW2-D_wbg		SCI	CM-2600d	------	1004031	1.23	2/1/2022 10:30:40 AM	2/1/2022 10:20:48 AM	Reflectance	di:8,de:8	SCI+SCE	SAV(3mm)	400nm cut	------	(None)	(None)	44,95	-7,92	-44,86	45,55	259,98	0,00	0,00	0,00	0,00	26,76	31,10	36,50	41,33	44,22	45,66	45,51	43,93	40,97	36,82	31,61	25,82	20,84	16,31	12,54	9,63	7,48	6,02	5,05	4,47	4,09	3,96	3,88	4,05	4,61	5,69	7,59	10,67	15,36	21,86	30,93	41,69	54,02	65,14	75,32
    19 	b.079_BW2-D_wbg		SCE	CM-2600d	------	1004031	1.23	2/1/2022 10:30:40 AM	2/1/2022 10:20:48 AM	Reflectance	di:8,de:8	SCI+SCE	SAV(3mm)	400nm cut	------	(None)	(None)	44,93	-7,98	-44,40	45,11	259,81	0,00	0,00	0,00	0,00	26,48	30,79	36,14	40,93	43,80	45,21	45,05	43,52	40,61	36,54	31,41	25,69	20,78	16,31	12,59	9,71	7,57	6,11	5,14	4,55	4,17	4,04	3,94	4,12	4,69	5,78	7,71	10,81	15,51	22,03	31,12	41,90	54,25	65,37	75,55
    20 	b.080_BW2-D_wbg		SCI	CM-2600d	------	1004031	1.23	2/1/2022 10:30:55 AM	2/1/2022 10:20:48 AM	Reflectance	di:8,de:8	SCI+SCE	SAV(3mm)	400nm cut	------	(None)	(None)	45,24	-7,75	-44,90	45,56	260,21	0,00	0,00	0,00	0,00	27,60	31,59	37,05	41,75	44,81	46,17	45,99	44,43	41,22	37,05	31,80	26,05	21,04	16,52	12,81	9,90	7,70	6,19	5,20	4,61	4,22	4,08	3,97	4,17	4,76	5,86	7,90	10,97	15,82	22,32	31,39	42,06	54,36	65,39	75,37
    20 	b.080_BW2-D_wbg		SCE	CM-2600d	------	1004031	1.23	2/1/2022 10:30:55 AM	2/1/2022 10:20:48 AM	Reflectance	di:8,de:8	SCI+SCE	SAV(3mm)	400nm cut	------	(None)	(None)	45,24	-7,76	-44,45	45,12	260,10	0,00	0,00	0,00	0,00	27,37	31,31	36,73	41,38	44,40	45,74	45,54	44,02	40,86	36,76	31,60	25,92	20,97	16,53	12,86	9,99	7,80	6,29	5,30	4,70	4,31	4,17	4,06	4,27	4,86	5,98	8,04	11,13	16,00	22,53	31,61	42,30	54,61	65,66	75,64
    21 	b.081_BW2-D_wbg		SCI	CM-2600d	------	1004031	1.23	2/1/2022 10:31:13 AM	2/1/2022 10:20:48 AM	Reflectance	di:8,de:8	SCI+SCE	SAV(3mm)	400nm cut	------	(None)	(None)	45,34	-8,38	-44,60	45,38	259,36	0,00	0,00	0,00	0,00	27,03	30,98	36,60	41,35	44,56	46,04	45,93	44,45	41,64	37,38	32,28	26,37	21,20	16,66	12,91	9,82	7,63	6,17	5,18	4,60	4,21	4,09	3,98	4,18	4,74	5,86	7,89	11,08	15,94	22,79	32,19	43,17	55,62	66,61	76,28
    21 	b.081_BW2-D_wbg		SCE	CM-2600d	------	1004031	1.23	2/1/2022 10:31:13 AM	2/1/2022 10:20:48 AM	Reflectance	di:8,de:8	SCI+SCE	SAV(3mm)	400nm cut	------	(None)	(None)	45,33	-8,39	-44,16	44,96	259,24	0,00	0,00	0,00	0,00	26,80	30,70	36,26	40,97	44,15	45,61	45,48	44,04	41,28	37,09	32,07	26,23	21,14	16,66	12,95	9,89	7,71	6,25	5,27	4,69	4,30	4,17	4,06	4,26	4,83	5,97	8,03	11,23	16,11	22,98	32,40	43,40	55,85	66,85	76,52
    22 	b.082_BW3-D_wbg		SCI	CM-2600d	------	1004031	1.23	2/1/2022 10:31:50 AM	2/1/2022 10:20:48 AM	Reflectance	di:8,de:8	SCI+SCE	SAV(3mm)	400nm cut	------	(None)	(None)	33,44	4,97	-43,64	43,93	276,50	0,00	0,00	0,00	0,00	13,60	16,52	20,38	24,86	28,38	30,42	30,51	28,82	25,64	21,63	17,28	12,78	9,33	6,63	4,85	3,71	3,13	2,85	2,70	2,65	2,68	2,91	3,41	4,33	5,74	7,58	9,94	12,93	16,63	21,10	26,59	32,74	40,05	47,47	55,93
    22 	b.082_BW3-D_wbg		SCE	CM-2600d	------	1004031	1.23	2/1/2022 10:31:50 AM	2/1/2022 10:20:48 AM	Reflectance	di:8,de:8	SCI+SCE	SAV(3mm)	400nm cut	------	(None)	(None)	33,62	4,90	-43,58	43,86	276,42	0,00	0,00	0,00	0,00	13,70	16,63	20,51	25,00	28,53	30,58	30,67	28,99	25,80	21,78	17,42	12,90	9,43	6,72	4,93	3,78	3,19	2,90	2,75	2,69	2,73	2,97	3,47	4,39	5,82	7,69	10,09	13,10	16,82	21,31	26,81	32,97	40,28	47,70	56,15
    23 	b.083_BW3-D_wbg		SCI	CM-2600d	------	1004031	1.23	2/1/2022 10:32:06 AM	2/1/2022 10:20:48 AM	Reflectance	di:8,de:8	SCI+SCE	SAV(3mm)	400nm cut	------	(None)	(None)	32,73	5,58	-43,79	44,14	277,26	0,00	0,00	0,00	0,00	13,37	16,10	19,83	24,25	27,76	29,72	29,79	28,10	24,87	20,80	16,52	12,18	8,85	6,30	4,58	3,49	2,95	2,68	2,55	2,51	2,53	2,77	3,27	4,17	5,52	7,30	9,57	12,45	16,05	20,29	25,72	31,75	39,07	46,53	55,05
    23 	b.083_BW3-D_wbg		SCE	CM-2600d	------	1004031	1.23	2/1/2022 10:32:06 AM	2/1/2022 10:20:48 AM	Reflectance	di:8,de:8	SCI+SCE	SAV(3mm)	400nm cut	------	(None)	(None)	32,91	5,52	-43,72	44,06	277,20	0,00	0,00	0,00	0,00	13,47	16,21	19,96	24,38	27,90	29,88	29,94	28,26	25,01	20,94	16,65	12,29	8,96	6,39	4,65	3,56	3,00	2,73	2,59	2,56	2,59	2,83	3,33	4,25	5,61	7,41	9,70	12,59	16,21	20,47	25,89	31,93	39,24	46,70	55,20
    24 	b.084_BW3-D_wbg		SCI	CM-2600d	------	1004031	1.23	2/1/2022 10:32:23 AM	2/1/2022 10:20:48 AM	Reflectance	di:8,de:8	SCI+SCE	SAV(3mm)	400nm cut	------	(None)	(None)	33,05	5,53	-44,11	44,46	277,15	0,00	0,00	0,00	0,00	13,70	16,55	20,37	24,82	28,37	30,30	30,36	28,61	25,31	21,31	16,89	12,48	9,05	6,41	4,66	3,55	3,01	2,74	2,60	2,56	2,58	2,80	3,28	4,19	5,56	7,37	9,68	12,68	16,23	20,63	26,09	32,08	39,37	46,82	55,45
    24 	b.084_BW3-D_wbg		SCE	CM-2600d	------	1004031	1.23	2/1/2022 10:32:23 AM	2/1/2022 10:20:48 AM	Reflectance	di:8,de:8	SCI+SCE	SAV(3mm)	400nm cut	------	(None)	(None)	33,20	5,48	-44,08	44,42	277,09	0,00	0,00	0,00	0,00	13,80	16,66	20,49	24,95	28,51	30,44	30,50	28,74	25,44	21,44	17,01	12,58	9,14	6,49	4,72	3,60	3,05	2,77	2,63	2,59	2,61	2,85	3,33	4,25	5,63	7,47	9,81	12,82	16,39	20,82	26,29	32,28	39,58	47,03	55,64
    25 	b.085_BW4-D_wbg		SCI	CM-2600d	------	1004031	1.23	2/1/2022 10:35:56 AM	2/1/2022 10:20:48 AM	Reflectance	di:8,de:8	SCI+SCE	SAV(3mm)	400nm cut	------	(None)	(None)	35,69	-7,11	-28,67	29,54	256,07	0,00	0,00	0,00	0,00	15,79	17,14	18,24	19,30	20,49	21,72	22,15	21,55	20,34	18,98	17,11	14,75	12,37	10,14	8,28	6,72	5,49	4,52	3,82	3,50	3,47	3,71	4,09	4,75	5,75	7,07	8,78	10,69	13,08	15,70	18,69	21,91	25,75	29,81	34,91
    25 	b.085_BW4-D_wbg		SCE	CM-2600d	------	1004031	1.23	2/1/2022 10:35:56 AM	2/1/2022 10:20:48 AM	Reflectance	di:8,de:8	SCI+SCE	SAV(3mm)	400nm cut	------	(None)	(None)	35,80	-7,14	-28,66	29,54	256,01	0,00	0,00	0,00	0,00	15,87	17,23	18,33	19,39	20,59	21,82	22,24	21,65	20,43	19,07	17,20	14,83	12,45	10,21	8,34	6,78	5,53	4,56	3,86	3,53	3,50	3,73	4,11	4,78	5,79	7,13	8,85	10,78	13,19	15,83	18,84	22,07	25,93	30,00	35,11
    26 	b.086_BW4-D_wbg		SCI	CM-2600d	------	1004031	1.23	2/1/2022 10:36:10 AM	2/1/2022 10:20:48 AM	Reflectance	di:8,de:8	SCI+SCE	SAV(3mm)	400nm cut	------	(None)	(None)	35,78	-7,21	-28,81	29,69	255,95	0,00	0,00	0,00	0,00	15,92	17,23	18,30	19,40	20,68	21,88	22,34	21,72	20,54	19,14	17,22	14,88	12,46	10,20	8,32	6,73	5,50	4,53	3,83	3,51	3,48	3,71	4,09	4,74	5,74	7,03	8,70	10,58	12,94	15,54	18,54	21,70	25,44	29,49	34,65
    26 	b.086_BW4-D_wbg		SCE	CM-2600d	------	1004031	1.23	2/1/2022 10:36:10 AM	2/1/2022 10:20:48 AM	Reflectance	di:8,de:8	SCI+SCE	SAV(3mm)	400nm cut	------	(None)	(None)	35,91	-7,24	-28,81	29,71	255,89	0,00	0,00	0,00	0,00	16,01	17,32	18,40	19,52	20,80	22,01	22,47	21,85	20,67	19,26	17,34	14,99	12,55	10,28	8,39	6,79	5,55	4,57	3,86	3,54	3,51	3,74	4,13	4,78	5,80	7,11	8,80	10,69	13,06	15,68	18,71	21,89	25,65	29,71	34,87
    27 	b.087_BW4-D_wbg		SCI	CM-2600d	------	1004031	1.23	2/1/2022 10:36:25 AM	2/1/2022 10:20:48 AM	Reflectance	di:8,de:8	SCI+SCE	SAV(3mm)	400nm cut	------	(None)	(None)	35,37	-7,05	-28,90	29,74	256,29	0,00	0,00	0,00	0,00	15,68	17,05	18,03	19,10	20,33	21,56	22,01	21,41	20,22	18,80	16,90	14,55	12,15	9,93	8,09	6,56	5,34	4,39	3,71	3,42	3,38	3,61	3,95	4,59	5,56	6,82	8,53	10,36	12,75	15,22	18,34	21,48	25,26	29,27	34,42
    27 	b.087_BW4-D_wbg		SCE	CM-2600d	------	1004031	1.23	2/1/2022 10:36:25 AM	2/1/2022 10:20:48 AM	Reflectance	di:8,de:8	SCI+SCE	SAV(3mm)	400nm cut	------	(None)	(None)	35,50	-7,05	-28,89	29,74	256,28	0,00	0,00	0,00	0,00	15,75	17,13	18,13	19,19	20,44	21,68	22,12	21,53	20,33	18,91	17,00	14,64	12,24	10,00	8,15	6,61	5,39	4,43	3,75	3,46	3,42	3,64	4,00	4,64	5,61	6,90	8,63	10,47	12,87	15,37	18,51	21,67	25,47	29,50	34,66
    28 	b.088_BW5-D_wbg		SCI	CM-2600d	------	1004031	1.23	2/1/2022 10:36:58 AM	2/1/2022 10:20:48 AM	Reflectance	di:8,de:8	SCI+SCE	SAV(3mm)	400nm cut	------	(None)	(None)	34,97	1,75	-35,04	35,08	272,85	0,00	0,00	0,00	0,00	10,81	12,33	15,12	20,18	25,60	27,92	27,03	24,46	21,12	17,94	15,14	12,51	10,27	8,36	7,15	6,20	5,28	4,47	4,05	4,09	4,16	4,03	3,80	3,94	4,84	6,98	11,17	17,81	26,87	36,90	46,73	54,55	61,56	67,38	72,97
    28 	b.088_BW5-D_wbg		SCE	CM-2600d	------	1004031	1.23	2/1/2022 10:36:58 AM	2/1/2022 10:20:48 AM	Reflectance	di:8,de:8	SCI+SCE	SAV(3mm)	400nm cut	------	(None)	(None)	35,16	1,69	-34,98	35,02	272,77	0,00	0,00	0,00	0,00	10,90	12,43	15,24	20,32	25,75	28,07	27,19	24,62	21,27	18,09	15,28	12,64	10,38	8,46	7,24	6,29	5,35	4,53	4,11	4,14	4,21	4,08	3,86	4,02	4,94	7,13	11,38	18,05	27,16	37,24	47,12	54,97	62,02	67,85	73,44
    29 	b.089_BW5-D_wbg		SCI	CM-2600d	------	1004031	1.23	2/1/2022 10:37:12 AM	2/1/2022 10:20:48 AM	Reflectance	di:8,de:8	SCI+SCE	SAV(3mm)	400nm cut	------	(None)	(None)	35,01	2,01	-35,11	35,17	273,28	0,00	0,00	0,00	0,00	11,17	12,60	15,31	20,35	25,74	28,03	27,06	24,43	21,09	17,86	15,05	12,49	10,28	8,37	7,17	6,23	5,31	4,49	4,09	4,15	4,20	4,06	3,82	3,99	4,90	7,08	11,28	17,95	26,94	36,76	46,59	54,40	61,36	67,16	72,77
    29 	b.089_BW5-D_wbg		SCE	CM-2600d	------	1004031	1.23	2/1/2022 10:37:12 AM	2/1/2022 10:20:48 AM	Reflectance	di:8,de:8	SCI+SCE	SAV(3mm)	400nm cut	------	(None)	(None)	35,15	2,00	-35,04	35,09	273,27	0,00	0,00	0,00	0,00	11,23	12,66	15,38	20,44	25,83	28,13	27,16	24,55	21,20	17,96	15,15	12,57	10,35	8,45	7,24	6,30	5,37	4,54	4,14	4,20	4,26	4,11	3,88	4,06	5,00	7,21	11,46	18,16	27,19	37,05	46,91	54,74	61,72	67,52	73,13
    30 	b.090_BW5-D_wbg		SCI	CM-2600d	------	1004031	1.23	2/1/2022 10:37:30 AM	2/1/2022 10:20:48 AM	Reflectance	di:8,de:8	SCI+SCE	SAV(3mm)	400nm cut	------	(None)	(None)	34,62	2,34	-35,03	35,11	273,82	0,00	0,00	0,00	0,00	10,82	12,23	14,89	19,93	25,30	27,61	26,63	23,98	20,66	17,45	14,69	12,14	9,98	8,15	6,95	6,06	5,18	4,41	4,02	4,06	4,12	4,01	3,79	3,97	4,83	6,93	11,03	17,72	26,93	37,11	47,12	55,17	62,27	68,15	73,71
    30 	b.090_BW5-D_wbg		SCE	CM-2600d	------	1004031	1.23	2/1/2022 10:37:30 AM	2/1/2022 10:20:48 AM	Reflectance	di:8,de:8	SCI+SCE	SAV(3mm)	400nm cut	------	(None)	(None)	34,79	2,31	-34,97	35,05	273,78	0,00	0,00	0,00	0,00	10,90	12,31	14,99	20,05	25,42	27,75	26,76	24,13	20,79	17,58	14,81	12,25	10,08	8,24	7,03	6,13	5,24	4,47	4,07	4,11	4,18	4,07	3,85	4,04	4,94	7,08	11,23	17,96	27,22	37,44	47,49	55,58	62,70	68,58	74,14
